Date,High,Low,Open,Close,Volume,Adj Close,TP,CCI,20SMA,40SMA,50SMA,100SMA,60VMA,R1,R2,R3
2020-06-05,20.51000022888184,19.450000762939453,19.899999618530273,19.600000381469727,1566400,19.600000381469727,19.853333791097004,,,,,,,,,
2020-06-08,20.36000061035156,19.75,20.1200008392334,20.190000534057614,155100,20.190000534057614,20.100000381469727,,,,,,,,,
2020-06-09,20.170000076293945,19.809999465942386,20.020000457763672,20.170000076293945,55800,20.170000076293945,20.049999872843426,,,,,,,21.0,21.600000381469727,21.75
2020-06-10,20.6200008392334,19.774999618530273,20.25,19.959999084472656,41600,19.959999084472656,20.11833318074544,,,,,,,21.0,21.600000381469727,21.75
2020-06-11,19.850000381469727,19.399999618530273,19.799999237060547,19.399999618530273,78700,19.399999618530273,19.549999872843426,-137.65532850447906,,,,,,21.0,21.600000381469727,21.75
2020-06-12,19.799999237060547,19.399999618530273,19.700000762939453,19.5,25500,19.5,19.56666628519694,-81.15414880024737,,,,,,21.0,21.600000381469727,21.75
2020-06-15,19.489999771118164,19.25,19.399999618530273,19.38999938964844,7900,19.38999938964844,19.3766663869222,-84.24127385924623,,,,,,21.0,21.600000381469727,21.75
2020-06-16,19.700000762939453,19.25,19.65999984741211,19.479999542236328,29000,19.479999542236328,19.476666768391926,-46.93732560946079,,,,,,21.0,21.600000381469727,21.75
2020-06-17,19.59000015258789,19.26000022888184,19.59000015258789,19.3799991607666,10600,19.3799991607666,19.40999984741211,-66.53220379392909,,,,,,21.0,21.600000381469727,21.75
2020-06-18,19.520000457763672,19.149999618530273,19.34000015258789,19.25,13700,19.25,19.30666669209798,-106.59585438100436,,,,,,21.0,21.600000381469727,21.75
2020-06-19,19.280000686645508,19.0,19.280000686645508,19.170000076293945,12800,19.170000076293945,19.150000254313152,-139.76944320921564,,,,,,21.0,21.600000381469727,21.75
2020-06-22,19.440000534057614,19.170000076293945,19.170000076293945,19.3799991607666,2700,19.3799991607666,19.32999992370605,-3.5788158596303017,,,,,,21.0,21.600000381469727,21.75
2020-06-23,20.065000534057614,19.420000076293945,19.56999969482422,19.780000686645508,11800,19.780000686645508,19.75500043233236,158.13830022465825,,,,,,21.0,21.600000381469727,21.75
2020-06-24,20.170000076293945,19.5,20.040000915527344,19.88999938964844,4800,19.88999938964844,19.85333315531413,95.93362961920195,,,,,,21.0,21.600000381469727,21.75
2020-06-25,19.84000015258789,19.0,19.649999618530273,19.190000534057614,3900,19.190000534057614,19.343333562215168,-37.49342046392812,,,,,,21.0,21.600000381469727,21.75
2020-06-26,20.40999984741211,19.32999992370605,19.63999938964844,19.709999084472656,28400,19.709999084472656,19.81666628519694,58.00932361970667,,,,,,21.0,21.600000381469727,21.75
2020-06-29,20.01000022888184,19.5,20.01000022888184,19.950000762939453,7200,19.950000762939453,19.820000330607094,45.5626074830149,,,,,,21.0,21.600000381469727,21.75
2020-06-30,24.96999931335449,22.60000038146973,24.86000061035156,23.20000076293945,173000,23.20000076293945,23.59000015258789,166.66666666666666,,,,,,25.989999771118164,26.270000457763672,26.5
2020-07-01,24.709999084472656,22.959999084472656,24.1200008392334,23.604999542236328,67500,23.604999542236328,23.758332570393875,86.2454576342778,,,,,,25.989999771118164,26.270000457763672,26.5
2020-07-02,23.590999603271484,21.15999984741211,23.5,22.21999931335449,18000,22.21999931335449,22.323666254679367,18.838422023715225,20.120749855041502,,,,,22.239999771118164,22.315000534057614,23.01000022888184
2020-07-06,23.75,22.155000686645508,22.96999931335449,23.479999542236328,17100,23.479999542236328,23.12833340962728,34.67457595963361,20.314749813079835,,,,,25.989999771118164,26.270000457763672,26.5
2020-07-07,23.6200008392334,22.739999771118164,23.489999771118164,22.81999969482422,10900,22.81999969482422,23.060000101725265,-18.599619349009505,20.446249771118165,,,,,23.01000022888184,25.989999771118164,26.270000457763672
2020-07-08,24.04999923706055,22.38999938964844,23.54999923706055,23.56999969482422,20000,23.56999969482422,23.33666610717773,41.760397436719046,20.61624975204468,,,,,25.989999771118164,26.270000457763672,26.5
2020-07-09,23.78000068664551,22.690000534057607,23.399999618530273,23.78000068664551,19900,23.78000068664551,23.41666730244955,83.0820943389486,20.80724983215332,,,,,25.989999771118164,26.270000457763672,26.5
2020-07-10,24.10000038146973,22.76499938964844,23.920000076293945,23.34499931335449,3500,23.34499931335449,23.403333028157547,64.02912990306078,21.00449981689453,,,,,25.989999771118164,26.270000457763672,26.5
2020-07-13,23.60000038146973,22.76000022888184,23.34000015258789,22.76000022888184,8400,22.76000022888184,23.04000027974447,-87.47237263306047,21.167499828338624,,,,,23.01000022888184,25.989999771118164,26.270000457763672
2020-07-14,23.625,22.959999084472656,23.61000061035156,22.979999542236328,4200,22.979999542236328,23.188332875569657,-45.37719493128159,21.346999835968017,,,,,23.01000022888184,25.989999771118164,26.270000457763672
2020-07-15,24.10000038146973,23.10000038146973,23.96999931335449,23.35000038146973,13100,23.35000038146973,23.516667048136398,85.35906988414322,21.540499877929687,,,,,25.989999771118164,26.270000457763672,26.5
2020-07-16,24.20000076293945,23.295000076293945,24.15999984741211,23.57999992370605,8200,23.57999992370605,23.69166692097981,106.25959883496785,21.75049991607666,,,,,25.989999771118164,26.270000457763672,26.5
2020-07-17,24.21999931335449,23.57999992370605,24.15999984741211,23.76000022888184,9000,23.76000022888184,23.853333155314132,95.81505882083124,21.975999927520753,,,,,25.989999771118164,26.270000457763672,26.5
2020-07-20,25.649999618530273,24.61000061035156,25.10000038146973,24.81999969482422,25200,24.81999969482422,25.02666664123535,166.6666666666659,22.258499908447266,,,,,25.989999771118164,26.270000457763672,26.5
2020-07-21,25.55900001525879,24.84000015258789,25.03000068664551,25.10000038146973,7100,25.10000038146973,25.166333516438797,90.21564512190369,22.544499969482427,,,,,25.989999771118164,26.270000457763672,26.5
2020-07-22,28.3799991607666,24.920000076293945,25.6299991607666,25.690000534057607,20300,25.690000534057607,26.32999992370605,121.37802178801584,22.83999996185303,,,,,25.989999771118164,26.270000457763672,26.5
2020-07-23,25.35000038146973,24.059999465942386,25.35000038146973,24.07999992370605,7000,24.07999992370605,24.49666659037273,-49.8096256159524,23.049499988555908,,,,,25.989999771118164,26.270000457763672,26.5
2020-07-24,24.46500015258789,23.68000030517578,24.15999984741211,23.690000534057607,7200,23.690000534057607,23.94500033060709,-113.104212680164,23.27449998855591,,,,,25.989999771118164,26.270000457763672,26.5
2020-07-27,24.60000038146973,23.670000076293945,24.15999984741211,24.04999923706055,10600,24.04999923706055,24.10666656494141,-62.30851573365878,23.491499996185304,,,,,25.989999771118164,26.270000457763672,26.5
2020-07-28,24.38999938964844,23.709999084472656,24.3799991607666,23.81999969482422,6900,23.81999969482422,23.973332722981766,-56.54484686364729,23.68499994277954,,,,,25.989999771118164,26.270000457763672,26.5
2020-07-29,24.20000076293945,20.850000381469727,24.1200008392334,21.61000061035156,51200,21.61000061035156,22.220000584920243,-166.66666666666822,23.605499935150146,,,,,21.75,22.239999771118164,22.315000534057614
2020-07-30,23.020000457763672,22.075000762939453,22.399999618530273,22.540000915527344,32100,22.540000915527344,22.545000712076828,-69.45155124687358,23.5522500038147,,,,,23.01000022888184,25.989999771118164,26.270000457763672
2020-07-31,23.15999984741211,22.34499931335449,23.0,22.85000038146973,11700,22.85000038146973,22.78499984741211,-31.09048177850603,23.58375005722046,21.852249956130986,,,,23.01000022888184,25.989999771118164,26.270000457763672
2020-08-03,23.43000030517578,22.450000762939453,23.3700008392334,22.86000061035156,6300,22.86000061035156,22.913333892822266,3.89693528123752,23.55275011062622,21.933749961853028,,,,23.01000022888184,25.989999771118164,26.270000457763672
2020-08-04,22.8700008392334,22.40999984741211,22.6299991607666,22.440000534057614,7300,22.440000534057614,22.57333374023437,-11.716073744924323,23.533750152587892,21.989999961853027,,,,23.01000022888184,25.989999771118164,26.270000457763672
2020-08-05,23.489999771118164,22.440000534057614,22.770000457763672,23.489999771118164,3100,23.489999771118164,23.14000002543132,123.4654420010598,23.52975015640259,22.072999954223636,,,,25.989999771118164,26.270000457763672,26.5
2020-08-06,22.90999984741211,21.809999465942386,22.90999984741211,21.90999984741211,4800,21.90999984741211,22.20999972025553,-128.84109475680154,23.436250114440924,22.12174997329712,,,,22.239999771118164,22.315000534057614,23.01000022888184
2020-08-07,22.70000076293945,21.600000381469727,22.459999084472656,22.170000076293945,5700,22.170000076293945,22.156667073567704,-86.0591405732074,23.377500152587892,22.19099998474121,,,,22.239999771118164,22.315000534057614,23.01000022888184
2020-08-10,23.86000061035156,22.309999465942386,23.54999923706055,23.25,12500,23.25,23.14000002543132,83.33333333333216,23.402000141143798,22.28474998474121,,,,25.989999771118164,26.270000457763672,26.5
2020-08-11,23.53000068664551,22.350000381469727,23.53000068664551,22.43000030517578,20600,22.43000030517578,22.770000457763672,14.444497708913168,23.37450017929077,22.360750007629395,,,,23.01000022888184,25.989999771118164,26.270000457763672
2020-08-12,23.46999931335449,22.75,23.0,23.059999465942386,9000,23.059999465942386,23.09333292643229,71.21822440605504,23.360000133514404,22.450250005722047,,,,25.989999771118164,26.270000457763672,26.5
2020-08-13,23.57500076293945,22.030000686645508,23.309999465942386,22.030000686645508,7000,22.030000686645508,22.545000712076828,-41.86238529419194,23.282500171661376,22.51650004386902,,,,22.239999771118164,22.315000534057614,23.01000022888184
2020-08-14,24.38999938964844,23.5049991607666,24.15999984741211,23.60000038146973,12000,23.60000038146973,23.83166631062825,150.4713508956462,23.274500179290772,22.62525005340576,22.026599998474122,,,25.989999771118164,26.270000457763672,26.5
2020-08-17,25.25,23.81999969482422,24.70000076293945,24.03000068664551,36400,24.03000068664551,24.36666679382324,111.99203460686884,23.23500022888184,22.74675006866455,22.11520000457764,,,25.989999771118164,26.270000457763672,26.5
2020-08-18,24.45000076293945,23.6200008392334,24.15999984741211,24.07500076293945,15700,24.07500076293945,24.0483341217041,51.82911107516637,23.183750247955324,22.864125108718877,22.192900009155274,,,25.989999771118164,26.270000457763672,26.5
2020-08-19,24.65399932861328,23.70000076293945,24.6200008392334,24.29999923706055,19100,24.29999923706055,24.217999776204422,55.16951305567448,23.11425018310547,22.977125072479247,22.275499992370605,,,25.989999771118164,26.270000457763672,26.5
2020-08-20,25.989999771118164,23.09499931335449,23.68000030517578,24.32999992370605,17100,24.32999992370605,24.47166633605957,95.8479090841672,23.126750183105468,23.088125085830693,22.362900009155272,,,25.989999771118164,26.270000457763672,26.5
2020-08-21,24.32999992370605,21.0,24.32999992370605,22.46999931335449,172900,22.46999931335449,22.59999974568685,-166.66666666666757,23.06575012207031,23.17012505531311,22.424300003051762,,,23.01000022888184,25.989999771118164,26.270000457763672
2020-08-24,23.440000534057607,22.466999053955078,23.040000915527344,22.65999984741211,36200,22.65999984741211,22.85566647847493,-71.63854967640562,22.99625015258789,23.2438750743866,22.4875,,,23.01000022888184,25.989999771118164,26.270000457763672
2020-08-25,23.690000534057607,22.670000076293945,23.459999084472656,23.440000534057607,30000,23.440000534057607,23.266667048136398,-20.84536653333017,22.977250194549562,23.33112506866455,22.568500022888184,,,25.989999771118164,26.270000457763672,26.5
2020-08-26,23.7549991607666,22.540000915527344,23.440000534057607,23.1299991607666,29600,23.1299991607666,23.14166641235352,-17.360362625729607,23.053250122070317,23.32937502861023,22.64150001525879,,,25.989999771118164,26.270000457763672,26.5
2020-08-27,24.0,23.1299991607666,23.8799991607666,23.489999771118164,43000,23.489999771118164,23.539999643961593,108.41431322286856,23.100750064849855,23.32650003433228,22.72370002746582,,,25.989999771118164,26.270000457763672,26.5
2020-08-28,23.93000030517578,23.170000076293945,23.709999084472656,23.34000015258789,16900,23.34000015258789,23.48000017801921,72.05580961402393,23.12525005340576,23.35450005531311,22.805500030517575,,51886.66666666666,25.989999771118164,26.270000457763672,26.5
2020-08-31,24.28000068664551,22.020000457763672,24.06999969482422,22.709999084472656,84200,22.709999084472656,23.00333340962728,-105.439660152592,23.117749977111817,23.335250043869014,22.87630001068115,,27183.33333333333,23.01000022888184,25.989999771118164,26.270000457763672
2020-09-01,23.690000534057607,22.770000457763672,23.559999465942386,22.85000038146973,61600,22.85000038146973,23.103333791097,-48.87287387790421,23.138249969482427,23.33600006103516,22.94570003509521,,25625.0,23.01000022888184,25.989999771118164,26.270000457763672
2020-09-02,23.31999969482422,22.56999969482422,23.25,23.040000915527344,79100,23.040000915527344,22.97666676839193,-70.27653862299168,23.11575002670288,23.32275009155273,23.01090003967285,,26013.33333333333,25.989999771118164,26.270000457763672,26.5
2020-09-03,23.28000068664551,22.351999282836914,23.28000068664551,22.489999771118164,43100,22.489999771118164,22.70733324686687,-121.66712748847056,23.144750022888182,23.29050006866455,23.06290004730225,,26038.33333333333,23.01000022888184,25.989999771118164,26.270000457763672
2020-09-04,23.1200008392334,21.75,22.420000076293945,22.46999931335449,38400,22.46999931335449,22.446666717529297,-123.49022212035848,23.15974998474121,23.26862506866455,23.128500022888183,,25366.66666666667,23.01000022888184,25.989999771118164,26.270000457763672
2020-09-08,22.790000915527344,21.770000457763672,22.739999771118164,22.5,122400,22.5,22.353333791097,-94.08148453029406,23.12224998474121,23.262125062942506,23.184300041198732,,26981.66666666667,23.01000022888184,25.989999771118164,26.270000457763672
2020-09-09,25.020000457763672,22.325000762939453,22.920000076293945,22.649999618530273,219200,22.649999618530273,23.33166694641113,121.16047411156514,23.13324995040893,23.253875064849854,23.23830001831055,,30503.33333333333,23.01000022888184,25.989999771118164,26.270000457763672
2020-09-10,22.88999938964844,22.309999465942386,22.770000457763672,22.5,24400,22.5,22.566666285196945,-28.191089846113076,23.105249977111818,23.23262505531311,23.224300003051763,,30426.66666666667,23.01000022888184,25.989999771118164,26.270000457763672
2020-09-11,22.79999923706055,22.239999771118164,22.57999992370605,22.540000915527344,55000,22.540000915527344,22.52666664123535,-28.72169902862048,23.13074998855591,23.206625080108644,23.20300003051758,,31166.66666666667,23.01000022888184,25.989999771118164,26.270000457763672
2020-09-14,23.170000076293945,22.54999923706055,22.99900054931641,22.790000915527344,23100,22.790000915527344,22.83666674296061,26.226726157387947,23.09025001525879,23.18237509727478,23.21440006256104,,31323.33333333333,23.01000022888184,25.989999771118164,26.270000457763672
2020-09-15,23.290000915527344,22.709999084472656,23.26000022888184,22.709999084472656,14100,22.709999084472656,22.903333028157547,20.469460675775466,23.024249935150145,23.129625082015988,23.19900005340576,,31345.0,23.01000022888184,25.989999771118164,26.270000457763672
2020-09-16,23.68000030517578,22.979999542236328,23.68000030517578,23.440000534057607,36600,23.440000534057607,23.36666679382324,148.77595278166697,22.992499923706056,23.088125085830693,23.21140007019043,,31910.0,25.989999771118164,26.270000457763672,26.5
2020-09-17,26.809999465942386,23.690000534057607,23.78000068664551,24.79999923706055,38500,24.79999923706055,25.09999974568685,164.78694832421456,23.01749992370605,23.06587505340576,23.23600006103516,,32355.0,25.989999771118164,26.270000457763672,26.5
2020-09-18,25.90999984741211,23.59000015258789,24.729999542236328,23.79999923706055,22100,23.79999923706055,24.43333307902019,56.58964143881564,22.99099988937378,23.058875036239623,23.236400032043452,,32643.33333333333,25.989999771118164,26.270000457763672,26.5
2020-09-21,26.59000015258789,23.15999984741211,23.61000061035156,24.5,67300,24.5,24.75,54.606551274784486,23.09249992370605,23.079125022888185,23.25950004577637,,33700.0,25.989999771118164,26.270000457763672,26.5
2020-09-22,25.0,23.270000457763672,23.61000061035156,24.5,17600,24.5,24.256666819254562,-18.236762570210324,23.18449993133545,23.09037504196167,23.29430004119873,,33520.0,25.989999771118164,26.270000457763672,26.5
2020-09-23,24.149999618530273,22.88999938964844,24.149999618530273,23.420000076293945,18000,23.420000076293945,23.48666636149089,-143.4520512041551,23.18349990844727,23.080375051498407,23.303100051879888,,33700.0,25.989999771118164,26.270000457763672,26.5
2020-09-24,23.479999542236328,22.399999618530273,22.8799991607666,22.60000038146973,10000,22.60000038146973,22.82666651407877,-117.96808092836842,23.15699996948242,23.105125045776372,23.288100051879887,,30983.33333333333,23.01000022888184,25.989999771118164,26.270000457763672
2020-09-25,25.45000076293945,22.315000534057614,22.34000015258789,23.420000076293945,61100,23.420000076293945,23.728333791097,-9.770891484853717,23.15349998474121,23.127125024795532,23.28490005493164,,30876.66666666667,25.989999771118164,26.270000457763672,26.5
2020-09-28,26.270000457763672,22.6200008392334,23.21999931335449,24.0,117600,24.0,24.296667098999023,85.6056056191873,23.186499977111808,23.15587501525879,23.289700050354003,,32536.66666666667,25.989999771118164,26.270000457763672,26.5
2020-09-29,24.29999923706055,23.36000061035156,23.70000076293945,23.420000076293945,36500,23.420000076293945,23.693333307902023,16.123023194984842,23.22200002670288,23.169875001907354,23.261700057983397,,32860.0,25.989999771118164,26.270000457763672,26.5
2020-09-30,24.209999084472656,23.729999542236328,23.770000457763672,24.0,21000,24.0,23.979999542236328,51.4980159056166,23.279500007629395,23.20887498855591,23.239700050354003,,33028.333333333336,25.989999771118164,26.270000457763672,26.5
2020-10-01,24.479999542236328,23.75,23.85000038146973,24.07999992370605,51300,24.07999992370605,24.103333155314132,47.762148918716186,23.33149995803833,23.22362499237061,23.207500038146968,,33550.0,25.989999771118164,26.270000457763672,26.5
2020-10-02,24.709999084472656,23.09499931335449,23.18000030517578,23.53000068664551,22400,23.53000068664551,23.778333028157547,-68.23033065852607,23.383500003814696,23.26412501335144,23.19650005340576,,33591.666666666664,25.989999771118164,26.270000457763672,26.5
2020-10-05,26.35000038146973,23.01000022888184,24.21999931335449,24.989999771118164,98000,24.989999771118164,24.783333460489914,158.75481152627194,23.50950002670288,23.33462500572205,23.22250003814697,,35166.666666666664,25.989999771118164,26.270000457763672,26.5
2020-10-06,24.959999084472656,24.10000038146973,24.809999465942386,24.61000061035156,26000,24.61000061035156,24.556666692097977,61.35247171926856,23.61500005722046,23.36862502098084,23.233700065612798,,35460.0,25.989999771118164,26.270000457763672,26.5
2020-10-07,25.76000022888184,24.61000061035156,24.61000061035156,25.09000015258789,15300,25.09000015258789,25.15333366394043,105.82423668299296,23.73700008392334,23.435125017166136,23.25910007476807,,35645.0,25.989999771118164,26.270000457763672,26.5
2020-10-08,27.229999542236328,25.81999969482422,26.56999969482422,25.93000030517578,330000,25.93000030517578,26.32666651407877,142.92967273305797,23.908500099182127,23.50687503814697,23.34550006866455,,40926.66666666666,25.989999771118164,26.270000457763672,26.5
2020-10-09,28.6299991607666,26.944000244140625,27.020000457763672,28.26000022888184,79000,28.26000022888184,27.94466654459636,132.089427543365,24.194500064849855,23.66262502670288,23.45990005493164,,42106.66666666666,29.0,30.0,31.35000038146973
2020-10-12,30.0,28.440000534057607,28.45000076293945,29.239999771118164,65400,29.239999771118164,29.22666676839193,110.81010570596456,24.517000007629395,23.80362501144409,23.58770004272461,,43046.66666666666,30.0,31.35000038146973,31.809999465942386
2020-10-13,29.989999771118164,27.46999931335449,28.32999992370605,29.56999969482422,131200,29.56999969482422,29.00999959309896,68.7087622175046,24.860000038146968,23.942124986648558,23.721900024414058,,44813.33333333334,30.0,31.35000038146973,31.809999465942386
2020-10-14,32.06999969482422,27.61000061035156,28.5,29.5,165800,29.5,29.72666676839193,81.32934376277099,25.16300001144409,24.077749967575073,23.86310001373291,,47458.33333333334,30.0,31.35000038146973,31.809999465942386
2020-10-15,31.0,27.53000068664551,27.56999969482422,29.229999542236328,163400,29.229999542236328,29.25333340962728,33.19718694445758,25.38450002670288,24.200999975204468,23.977900009155274,,49843.33333333334,30.0,31.35000038146973,31.809999465942386
2020-10-16,30.13999938964844,27.36000061035156,28.35000038146973,28.989999771118164,112900,28.989999771118164,28.82999992370605,-109.2549267095958,25.64400005340576,24.317499971389772,24.119500007629394,,51608.33333333334,29.0,30.0,31.35000038146973
2020-10-19,29.6200008392334,27.46999931335449,27.84000015258789,27.60000038146973,128500,27.60000038146973,28.23000017801921,-135.41659905956348,25.79900007247925,24.445749998092648,24.22810001373291,,53630.0,28.06999969482422,29.0,30.0
2020-10-20,28.440000534057607,27.420000076293945,28.309999465942386,27.8799991607666,59800,27.8799991607666,27.91333325703939,-101.68445326031996,25.96800003051758,24.576249980926512,24.32069999694824,,54450.0,28.06999969482422,29.0,30.0
2020-10-21,27.8700008392334,26.84000015258789,27.46999931335449,27.040000915527344,89200,27.040000915527344,27.250000635782882,-116.7187418095731,26.149000072479247,24.666249990463253,24.412900009155273,,55821.66666666666,27.31999969482422,28.06999969482422,29.0
2020-10-22,27.399999618530273,26.729999542236328,26.8799991607666,27.34000015258789,20400,27.34000015258789,27.15666643778483,-89.1146895170472,26.386000061035155,24.771500015258788,24.498500022888184,,55308.33333333334,28.06999969482422,29.0,30.0
2020-10-23,26.795000076293945,25.959999084472656,26.739999771118164,26.0,64500,26.0,26.251666386922196,-129.88132430414362,26.51500005722046,24.83425002098084,24.577900009155268,,55848.33333333334,26.270000457763672,26.5,26.71999931335449
2020-10-26,25.8799991607666,25.04999923706055,25.542999267578125,25.270000457763672,21000,25.270000457763672,25.399999618530273,-119.973607632596,26.578500080108643,24.88250002861023,24.61130001068115,23.31895000457764,56003.33333333334,25.989999771118164,26.270000457763672,26.5
2020-10-27,26.020000457763672,24.65999984741211,24.96999931335449,25.09000015258789,47800,25.09000015258789,25.256666819254562,-89.18228650276251,26.66200008392334,24.94200005531311,24.6325,23.37385000228882,56695.0,25.989999771118164,26.270000457763672,26.5
2020-10-28,24.45000076293945,23.229999542236328,23.70000076293945,23.459999084472656,37700,23.459999084472656,23.71333312988281,-133.6767852749167,26.635000038146966,24.957250022888182,24.620199966430665,23.406549987792967,57201.66666666666,25.989999771118164,26.270000457763672,26.5
2020-10-29,24.01000022888184,23.34000015258789,23.34000015258789,23.75,23200,23.75,23.70000012715657,-83.81321397090177,26.61850004196167,24.975,24.60919998168945,23.442349987030028,57536.66666666666,25.989999771118164,26.270000457763672,26.5
2020-10-30,24.0,23.29700088500977,23.899999618530273,23.34000015258789,6300,23.34000015258789,23.545667012532547,-64.45370935691102,26.60900001525879,24.996250009536748,24.58939998626709,23.476149997711182,57561.66666666666,25.989999771118164,26.270000457763672,26.5
2020-11-02,24.03000068664551,23.35000038146973,23.53000068664551,23.690000534057607,9800,23.690000534057607,23.690000534057607,-38.04068877621325,26.54400005340576,25.02675004005432,24.613800010681157,23.51905000686645,57630.0,25.989999771118164,26.270000457763672,26.5
2020-11-03,24.5,23.96999931335449,24.229999542236328,24.229999542236328,7200,24.229999542236328,24.23333295186361,166.6666666666673,26.525,25.07000002861023,24.645200004577635,23.566350002288818,57541.66666666666,25.989999771118164,26.270000457763672,26.5
2020-11-04,26.04999923706055,24.95000076293945,24.979999542236328,25.70000076293945,21000,25.70000076293945,25.56666692097981,157.12541655881944,26.555500030517575,25.14625005722046,24.69040000915527,23.62945001602173,57548.33333333334,25.989999771118164,26.270000457763672,26.5
2020-11-05,25.989999771118164,25.51000022888184,25.979999542236328,25.51000022888184,4700,25.51000022888184,25.670000076293945,87.33031452542562,26.53450002670288,25.221500062942503,24.73800003051758,23.689750022888184,57476.66666666666,25.989999771118164,26.270000457763672,26.5
2020-11-06,26.25,24.7450008392334,25.76000022888184,25.170000076293945,56000,25.170000076293945,25.38833363850911,42.07689636757882,26.380000019073485,25.28725004196167,24.771600036621088,23.747650032043452,58293.33333333334,25.989999771118164,26.270000457763672,26.5
2020-11-09,38.0,32.110000610351555,37.900001525878906,33.950000762939446,751100,33.950000762939446,34.686667124430336,166.66666666666674,26.615500068664552,25.56625003814697,24.98380004882813,23.89465003967285,70611.66666666669,34.150001525878906,34.709999084472656,36.650001525878906
2020-11-10,35.49499893188477,33.450000762939446,34.220001220703125,34.65999984741211,108700,34.65999984741211,34.53499984741211,82.17198629352673,26.870000076293945,25.86500005722046,25.222800064086915,24.049550037384034,71816.66666666669,34.709999084472656,36.650001525878906,0.0
2020-11-11,36.099998474121094,33.5,35.25,33.5,150600,33.5,34.366666158040374,53.04362346606175,27.070000076293944,26.116500043869014,25.43580005645752,24.190750045776372,74065.0,33.630001068115234,34.150001525878906,34.709999084472656
2020-11-12,34.700000762939446,32.700000762939446,34.5,32.700000762939446,132400,32.700000762939446,33.36666742960611,21.13837876698129,27.2435001373291,26.314000082015987,25.62900005340576,24.319950046539308,75953.33333333331,32.97999954223633,33.630001068115234,34.150001525878906
2020-11-13,33.220001220703125,32.34999847412109,32.77000045776367,32.5,118800,32.5,32.689999898274735,-114.63735400931726,27.419000148773193,26.53150010108948,25.8292000579834,24.44605005264282,77648.33333333331,32.97999954223633,33.630001068115234,34.150001525878906
2020-11-16,33.77000045776367,32.689998626708984,32.689998626708984,32.959999084472656,72000,32.959999084472656,33.139999389648445,-48.091766121389284,27.68700008392334,26.743000078201288,26.03900005340576,24.583750038146967,75966.66666666669,32.97999954223633,33.630001068115234,34.150001525878906
2020-11-17,32.84000015258789,32.43000030517578,32.549999237060554,32.529998779296875,22000,32.529998779296875,32.59999974568685,-83.15805856460308,27.919500064849853,26.943750047683714,26.2396000289917,24.71195003509521,75730.0,32.97999954223633,33.630001068115234,34.150001525878906
2020-11-18,33.189998626708984,32.720001220703125,32.880001068115234,32.759998321533196,33300,32.759998321533196,32.889999389648445,-12.482527720581064,28.205499935150147,27.1772500038147,26.441800003051764,24.840050010681157,75785.0,32.97999954223633,33.630001068115234,34.150001525878906
2020-11-19,32.84999847412109,32.40999984741211,32.740001678466804,32.61999893188477,14700,32.61999893188477,32.62666575113932,-60.06911536168543,28.46949987411499,27.427749967575075,26.644199981689447,24.93424999237061,75536.66666666669,32.97999954223633,33.630001068115234,34.150001525878906
2020-11-20,33.0,32.59999847412109,32.700000762939446,33.0,17300,33.0,32.866666158040374,16.561541875730367,28.81949987411499,27.667249965667725,26.853399963378905,25.02819999694824,75108.33333333331,33.630001068115234,34.150001525878906,34.709999084472656
2020-11-23,32.75,32.22999954223633,32.665000915527344,32.22999954223633,4100,32.22999954223633,32.403333028157554,-113.59860773010628,29.167499828338624,27.872999954223637,27.04219993591309,25.12829999923706,74895.0,32.97999954223633,33.630001068115234,34.150001525878906
2020-11-24,32.40999984741211,31.809999465942386,31.989999771118164,32.299999237060554,6700,32.299999237060554,32.173332850138344,-114.89210214154085,29.52799978256225,28.094999933242804,27.233999938964843,25.216499996185302,73603.33333333331,32.97999954223633,33.630001068115234,34.150001525878906
2020-11-25,33.0,32.52000045776367,32.52000045776367,32.68000030517578,17600,32.68000030517578,32.733333587646484,52.835774482758616,29.988999843597412,28.31199994087219,27.418799934387213,25.31510000228882,72870.0,32.97999954223633,33.630001068115234,34.150001525878906
2020-11-27,33.34999847412109,32.65999984741211,32.65999984741211,33.169998168945305,27500,33.169998168945305,33.059998830159515,95.79062090847547,30.459999752044677,28.539249897003174,27.586199913024906,25.411099987030028,72010.0,33.630001068115234,34.150001525878906,34.709999084472656
2020-11-30,36.650001525878906,35.560001373291016,35.86000061035156,36.650001525878906,51600,36.650001525878906,36.28666814168295,166.66666666666632,31.12549982070923,28.867249917984015,27.843199958801268,25.539799995422364,72151.66666666669,0.0,0.0,0.0
2020-12-01,36.43000030517578,35.33000183105469,36.41999816894531,35.95000076293945,14000,35.95000076293945,35.903334299723305,75.59359714479314,31.73849983215332,29.14124994277954,28.07219997406006,25.665850009918213,71745.0,36.650001525878906,0.0,0.0
2020-12-02,34.779998779296875,33.810001373291016,34.779998779296875,34.150001525878906,41200,34.150001525878906,34.2466672261556,-10.0734330793541,32.23449993133545,29.379749965667724,28.265200004577643,25.779750022888184,70391.66666666669,34.709999084472656,36.650001525878906,0.0
2020-12-03,34.150001525878906,33.630001068115234,34.10400009155273,33.630001068115234,13500,33.630001068115234,33.80333455403646,-49.7482980225135,32.63099994659424,29.593249988555907,28.469400024414067,25.88625003814697,66963.33333333331,34.150001525878906,34.709999084472656,36.650001525878906
2020-12-04,34.189998626708984,33.759998321533196,34.040000915527344,33.90999984741211,27800,33.90999984741211,33.9533322652181,-58.72476892870966,33.05099992752075,29.792749977111818,28.69560001373291,25.991850032806397,67020.0,34.150001525878906,34.709999084472656,36.650001525878906
2020-12-07,34.549999237060554,33.889999389648445,34.080001831054695,34.549999237060554,2300,34.549999237060554,34.329999287923194,-13.431109934252856,33.51999988555908,29.949999952316283,28.918199996948246,26.101550025939947,66141.66666666669,34.709999084472656,36.650001525878906,0.0
2020-12-08,34.709999084472656,33.560001373291016,33.65999984741211,34.709999084472656,3600,34.709999084472656,34.32666651407877,63.950928569219506,33.557999801635745,30.086749935150145,29.132399978637697,26.21105001449585,65816.66666666669,36.650001525878906,0.0,0.0
2020-12-09,34.610000610351555,33.77000045776367,34.56999969482422,33.77000045776367,1000,33.77000045776367,34.050000508626304,-15.08705383839842,33.51349983215332,30.191749954223628,29.33939998626709,26.300550022125243,65598.33333333331,34.150001525878906,34.709999084472656,36.650001525878906
2020-12-10,33.950000762939446,33.200000762939446,33.56999969482422,33.93000030517578,1800,33.93000030517578,33.69333394368489,-122.03523770655256,33.53499984741211,30.302499961853034,29.537999992370604,26.388850021362305,65018.33333333334,34.150001525878906,34.709999084472656,36.650001525878906
2020-12-11,33.5,32.97999954223633,33.34999847412109,33.490001678466804,3500,33.490001678466804,33.32333374023437,-118.66569798334473,33.574499893188474,30.40900001525879,29.726200027465826,26.466850032806395,64435.0,33.630001068115234,34.150001525878906,34.709999084472656
2020-12-14,34.389999389648445,33.52000045776367,34.0,33.59999847412109,5400,33.59999847412109,33.83666610717773,-2.2721653278052782,33.62949981689453,30.524249982833858,29.927599983215327,26.56205001831055,64156.66666666666,33.630001068115234,34.150001525878906,34.709999084472656
2020-12-15,34.759998321533196,33.630001068115234,33.919998168945305,34.740001678466804,2200,34.740001678466804,34.37666702270508,121.42409366880443,33.718499946594235,30.70275001525879,30.122600021362306,26.67255002975464,63071.66666666666,36.650001525878906,0.0,0.0
2020-12-16,34.43000030517578,33.98600006103516,33.98600006103516,34.43000030517578,800,34.43000030517578,34.28200022379557,74.09430492931371,33.813500022888185,30.866500043869014,30.31900001525879,26.77635004043579,62791.66666666666,34.709999084472656,36.650001525878906,0.0
2020-12-17,34.75,34.310001373291016,34.740001678466804,34.310001373291016,2500,34.310001373291016,34.456667582194015,70.44631550885492,33.89100017547607,31.04825005531311,30.50340003967285,26.88125005722046,62533.33333333334,34.709999084472656,36.650001525878906,0.0
2020-12-18,33.726001739501946,33.529998779296875,33.726001739501946,33.68000030517578,1700,33.68000030517578,33.64533360799154,-104.39774948544651,33.944000244140625,31.206750059127806,30.658400039672852,27.001950054168702,62395.0,34.150001525878906,34.709999084472656,36.650001525878906
2020-12-21,34.25,32.860000610351555,33.060001373291016,33.47999954223633,5200,33.47999954223633,33.530000050862625,-93.5477930676701,33.96800022125244,31.39375004768372,30.762800025939946,27.11135004043579,61463.33333333334,33.630001068115234,34.150001525878906,34.709999084472656
2020-12-22,33.639999389648445,32.68000030517578,33.540000915527344,33.380001068115234,8500,33.380001068115234,33.233333587646484,-92.01858074289852,34.025500297546394,31.596500062942503,30.845600051879888,27.216650047302245,59645.0,33.630001068115234,34.150001525878906,34.709999084472656
2020-12-23,32.93000030517578,32.419998168945305,32.93000030517578,32.439998626708984,3200,32.439998626708984,32.59666570027669,-129.2768861947341,34.03250026702881,31.78025002479553,30.90300003051758,27.31245002746582,59090.0,32.97999954223633,33.630001068115234,34.150001525878906
2020-12-24,33.279998779296875,32.937000274658196,32.937000274658196,33.279998779296875,800,33.279998779296875,33.16566594441732,-16.15752528918899,34.062500190734866,32.02575001716614,30.97860000610352,27.42085000991821,58753.33333333334,33.630001068115234,34.150001525878906,34.709999084472656
2020-12-28,33.529998779296875,32.75,33.189998626708984,33.529998779296875,2400,33.529998779296875,33.269999186197914,32.851187760670065,34.08050022125244,32.27024998664856,31.06459999084473,27.52125,57938.33333333334,33.630001068115234,34.150001525878906,34.709999084472656
2020-12-29,34.009998321533196,33.240001678466804,33.990001678466804,33.34000015258789,7600,33.34000015258789,33.530000050862625,109.89297426291719,33.91500015258789,32.52024998664856,31.151599998474122,27.635550003051762,57691.66666666666,33.630001068115234,34.150001525878906,34.709999084472656
2020-12-30,34.150001525878906,33.380001068115234,33.93000030517578,33.970001220703125,4100,33.970001220703125,33.83333460489909,114.73175560973564,33.81600017547608,32.7772500038147,31.279000015258788,27.75355001449585,56126.66666666666,34.150001525878906,34.709999084472656,36.650001525878906
2020-12-31,33.61999893188477,33.56999969482422,33.56999969482422,33.61999893188477,1000,33.61999893188477,33.60333251953125,38.98521233037294,33.789500045776364,33.01199998855591,31.393800010681147,27.8572500038147,55710.0,33.630001068115234,34.150001525878906,34.709999084472656
2021-01-04,32.40999984741211,32.40999984741211,32.40999984741211,32.40999984741211,100,32.40999984741211,32.40999984741211,-156.56210125552937,33.72849998474121,33.179749965667725,31.501199989318852,27.95704999923706,55456.66666666666,32.97999954223633,33.630001068115234,34.150001525878906
2021-01-05,32.93000030517578,31.35000038146973,32.93000030517578,32.0,42400,32.0,32.09333356221517,-98.99747339857667,33.63299999237061,33.34199995994568,31.59439998626709,28.046450004577643,50663.33333333334,32.97999954223633,33.630001068115234,34.150001525878906
2021-01-06,32.576000213623054,31.56999969482422,32.5,32.509998321533196,19000,32.509998321533196,32.21866607666016,-57.62341900503978,33.530999946594235,33.52549991607666,31.724599952697755,28.151249980926515,49663.33333333334,32.97999954223633,33.630001068115234,34.150001525878906
2021-01-07,31.989999771118164,31.59000015258789,31.989999771118164,31.85000038146973,18600,31.85000038146973,31.810000101725265,-87.43292593698635,33.38800001144409,33.47299990653992,31.856199951171874,28.233749980926515,48883.33333333334,32.97999954223633,33.630001068115234,34.150001525878906
2021-01-08,31.959999084472656,31.354999542236328,31.959999084472656,31.60000038146973,7500,31.60000038146973,31.63833300272624,-106.4143161606248,33.279500007629395,33.396499919891355,31.986399955749512,28.30944997787476,46821.66666666666,31.809999465942386,32.97999954223633,33.630001068115234
2021-01-11,31.399999618530273,30.899999618530273,31.399999618530273,31.0,37900,31.0,31.09999974568685,-139.00606973368616,33.13299999237061,33.333999919891355,32.13719997406006,28.37869997024536,44690.0,31.35000038146973,31.809999465942386,32.97999954223633
2021-01-12,31.29999923706055,30.6200008392334,31.29999923706055,30.6200008392334,12700,30.6200008392334,30.846666971842453,-102.54617585847816,32.989499950408934,33.28199992179871,32.274599990844735,28.44189998626709,42178.333333333336,31.35000038146973,31.809999465942386,32.97999954223633
2021-01-13,30.270000457763672,30.01000022888184,30.270000457763672,30.01000022888184,500,30.01000022888184,30.096666971842453,-133.2003768706119,32.81000003814697,33.21974992752075,32.407999992370605,28.49869998931885,40305.0,31.35000038146973,31.809999465942386,32.97999954223633
2021-01-14,31.38999938964844,30.75,31.020000457763672,31.1299991607666,3100,31.1299991607666,31.08999951680501,23.423063973687192,32.62949991226196,33.1739999294281,32.55679996490478,28.58529998779297,38215.0,31.35000038146973,31.809999465942386,32.97999954223633
2021-01-15,30.54999923706055,30.10000038146973,30.54999923706055,30.10000038146973,1600,30.10000038146973,30.250000000000004,-70.64019737401969,32.41299991607666,33.113249969482425,32.67419998168945,28.659699993133543,37245.0,31.35000038146973,31.809999465942386,32.97999954223633
2021-01-19,32.549999237060554,31.76000022888184,31.76000022888184,32.139999389648445,34700,32.139999389648445,32.14999961853028,143.5606431698553,32.304499816894534,33.0977499961853,32.80299995422363,28.74669998168945,36336.66666666666,32.97999954223633,33.630001068115234,34.150001525878906
2021-01-20,32.950000762939446,32.34000015258789,32.799999237060554,32.740001678466804,55900,32.740001678466804,32.676667531331375,102.24013369478426,32.257499885559085,33.100750064849855,32.947599983215326,28.84280000686645,36928.333333333336,32.97999954223633,33.630001068115234,34.150001525878906
2021-01-21,32.76599884033203,31.57999992370605,31.94499969482422,31.57999992370605,900,31.57999992370605,31.97533289591472,30.16598215867857,32.16249990463257,33.0652500629425,33.075799980163566,28.92370000839233,35868.333333333336,31.809999465942386,32.97999954223633,33.630001068115234
2021-01-22,33.18000030517578,32.029998779296875,32.279998779296875,32.919998168945305,6300,32.919998168945305,32.709999084472656,74.1697344762201,32.139499759674074,33.08250002861023,33.05519992828369,29.019499988555907,35623.333333333336,32.97999954223633,33.630001068115234,34.150001525878906
2021-01-25,32.130001068115234,31.45000076293945,32.0,32.11999893188477,4000,32.11999893188477,31.90000025431315,-77.54695240994808,32.12349977493286,33.07800002098084,33.004399909973145,29.113599987030028,34893.333333333336,32.97999954223633,33.630001068115234,34.150001525878906
2021-01-26,31.41900062561035,31.229999542236328,31.41900062561035,31.229999542236328,2500,31.229999542236328,31.29299990336101,-117.05780958220268,32.02099981307983,33.041750001907346,32.95899990081787,29.19739997863769,34306.666666666664,31.35000038146973,31.809999465942386,32.97999954223633
2021-01-27,28.770000457763672,27.559999465942386,28.6200008392334,27.729999542236328,37600,27.729999542236328,28.0199998219808,-166.6666666666659,31.730999851226805,32.905750036239624,32.859599876403806,29.244299964904783,34546.666666666664,28.06999969482422,29.0,30.0
2021-01-28,29.8700008392334,28.13999938964844,28.489999771118164,28.13999938964844,101000,28.13999938964844,28.716666539510086,-69.89205684520027,31.470999813079835,32.69299998283386,32.772399864196785,29.30079996109009,36125.0,29.0,30.0,31.35000038146973
2021-01-29,28.0,27.01000022888184,27.809999465942386,27.01000022888184,24400,27.01000022888184,27.34000015258789,-82.21965496922896,31.12299976348877,32.46949996948242,32.65339988708496,29.34619997024536,36368.333333333336,27.31999969482422,28.06999969482422,29.0
2021-02-01,28.709999084472656,27.739999771118164,28.51000022888184,27.739999771118164,34400,27.739999771118164,28.063332875569657,-39.400395041616704,30.82899980545044,32.3092499256134,32.55759990692139,29.39859996795655,36821.66666666666,28.06999969482422,29.0,30.0
2021-02-02,28.739999771118164,28.29999923706055,28.46999931335449,28.36000061035156,42900,28.36000061035156,28.466666539510086,61.18592110921682,30.62649984359741,32.17749991416931,32.46959995269776,29.455699977874755,37186.66666666666,29.0,30.0,31.35000038146973
2021-02-03,30.30900001525879,28.520000457763672,29.36000061035156,28.899999618530273,93600,28.899999618530273,29.243000030517567,110.02944866449323,30.471499824523924,32.052249908447266,32.395199966430674,29.51969997406006,38668.333333333336,29.0,30.0,31.35000038146973
2021-02-04,30.399999618530273,29.01000022888184,30.06999969482422,29.989999771118164,103400,29.989999771118164,29.79999987284343,108.0519672058223,30.345499897003172,31.93824992179871,32.33499996185303,29.594199962615967,39458.333333333336,30.0,31.35000038146973,31.809999465942386
2021-02-05,30.65999984741211,29.209999084472656,30.65999984741211,29.79999923706055,208400,29.79999923706055,29.88999938964844,80.2923730461779,30.24299983978272,31.8154999256134,32.28639995574951,29.6642999458313,30413.33333333333,30.0,31.35000038146973,31.809999465942386
2021-02-08,30.65999984741211,30.1200008392334,30.239999771118164,30.5,78200,30.5,30.42666689554851,101.0416691836384,30.18799982070923,31.733749914169305,32.2503999710083,29.74219995498657,29905.0,31.35000038146973,31.809999465942386,32.97999954223633
2021-02-09,30.90999984741211,30.11000061035156,30.45000076293945,30.20000076293945,61500,30.20000076293945,30.40666707356771,81.53504822630748,30.147999858856203,31.64049992561341,32.200799980163566,29.80979995727539,28420.0,31.35000038146973,31.809999465942386,32.97999954223633
2021-02-10,30.790000915527344,30.0,30.729999542236328,30.1200008392334,67800,30.1200008392334,30.303333918253585,35.900178925321455,30.1229998588562,31.55624990463257,32.139800033569344,29.862999973297118,27343.33333333333,31.35000038146973,31.809999465942386,32.97999954223633
2021-02-11,32.419998168945305,31.36000061035156,31.36000061035156,32.060001373291016,52400,32.060001373291016,31.946666717529286,166.66666666666822,30.22549991607666,31.517749977111816,32.04800003051758,29.945599994659425,26236.66666666667,32.97999954223633,33.630001068115234,34.150001525878906
2021-02-12,32.389999389648445,31.75,31.8700008392334,32.389999389648445,23000,32.389999389648445,32.176666259765625,92.82489912164664,30.288499927520753,31.458999919891358,31.976800003051764,30.02449998855591,25420.0,32.97999954223633,33.630001068115234,34.150001525878906
2021-02-16,32.490001678466804,32.18000030517578,32.439998626708984,32.18000030517578,4700,32.18000030517578,32.28333409627279,67.08273457154597,30.39249992370605,31.402749919891356,31.937399978637696,30.101299991607664,25131.66666666667,32.97999954223633,33.630001068115234,34.150001525878906
2021-02-17,32.18000030517578,31.5,31.649999618530273,31.899999618530273,11800,31.899999618530273,31.85999997456868,17.249506359228654,30.380499935150148,31.342499876022334,31.902799949646003,30.18609998703003,24773.33333333333,32.97999954223633,33.630001068115234,34.150001525878906
2021-02-18,30.834999084472656,30.29999923706055,30.6299991607666,30.29999923706055,11100,30.29999923706055,30.47833251953125,-166.66666666666617,30.258499813079833,31.257999849319454,31.830599937438965,30.263099975585934,24713.33333333333,31.35000038146973,31.809999465942386,32.97999954223633
2021-02-19,31.28000068664551,30.209999084472656,31.270000457763672,30.54999923706055,6300,30.54999923706055,30.679999669392906,-74.16498182545044,30.20699977874756,31.184749841690067,31.750599937438963,30.334399967193605,24530.0,31.35000038146973,31.809999465942386,32.97999954223633
2021-02-22,30.239999771118164,29.670000076293945,30.239999771118164,29.899999618530273,9500,29.899999618530273,29.93666648864746,-90.41337353747438,30.055999851226808,31.09774980545044,31.654399948120112,30.39339996337891,24620.0,30.0,31.35000038146973,31.809999465942386
2021-02-23,29.459999084472656,28.6299991607666,29.459999084472656,29.09000015258789,8100,29.09000015258789,29.059999465942386,-123.71040787369968,29.90449991226196,31.01399984359741,31.5607999420166,30.450099964141845,24643.33333333333,30.0,31.35000038146973,31.809999465942386
2021-02-24,29.170000076293945,28.35000038146973,28.81999969482422,28.86000061035156,6400,28.86000061035156,28.79333368937175,-96.20827741377096,29.785999965667724,30.90349988937378,31.459399948120122,30.49869997024536,24456.66666666667,29.0,30.0,31.35000038146973
2021-02-25,29.149999618530273,28.11000061035156,28.93000030517578,28.84000015258789,20700,28.84000015258789,28.70000012715657,-69.95805189695453,29.841499996185302,30.78624992370605,31.36639991760254,30.54629997253418,24343.33333333333,29.0,30.0,31.35000038146973
2021-02-26,30.020000457763672,28.06999969482422,29.75,28.06999969482422,26000,28.06999969482422,28.719999949137375,-58.802083028558556,29.83800001144409,30.65449991226196,31.2557999420166,30.591699962615966,23916.66666666667,29.0,30.0,31.35000038146973
2021-03-01,29.559999465942386,28.78000068664551,29.26000022888184,29.1299991607666,29200,29.1299991607666,29.15666643778483,101.44935824920029,29.94399995803833,30.53349986076355,31.143599891662603,30.633099956512453,24170.0,30.0,31.35000038146973,31.809999465942386
2021-03-02,30.13999938964844,29.540000915527344,29.979999542236328,29.649999618530273,23800,29.649999618530273,29.77666664123535,142.40349665206185,30.03949995040893,30.43424987792969,31.04799987792969,30.68349994659424,23880.0,30.0,31.35000038146973,31.809999465942386
2021-03-03,29.989999771118164,28.84000015258789,29.82999992370605,28.920000076293945,14400,28.920000076293945,29.25,26.244600682613072,30.06749992370605,30.34699988365173,30.940199851989746,30.7217999458313,23895.0,29.0,30.0,31.35000038146973
2021-03-04,28.702999114990234,27.13999938964844,28.702999114990234,27.649999618530273,34600,27.649999618530273,27.83099937438965,-138.50688314277815,30.00499992370605,30.23824987411499,30.819599838256835,30.738999938964845,24008.33333333333,28.06999969482422,29.0,30.0
2021-03-05,27.84700012207031,26.5,27.739999771118164,27.489999771118164,21500,27.489999771118164,27.278999964396164,-104.17293376448936,29.87999992370605,30.112749910354616,30.699799842834476,30.731299934387213,24328.33333333333,28.06999969482422,29.0,30.0
2021-03-08,28.21999931335449,27.38999938964844,27.88999938964844,27.940000534057607,12600,27.940000534057607,27.84999974568685,-40.87016975760901,29.78699998855591,30.014999914169305,30.59099983215332,30.7182999420166,24478.33333333333,28.06999969482422,29.0,30.0
2021-03-09,29.12899971008301,28.559999465942386,28.93000030517578,28.90999984741211,2700,28.90999984741211,28.8663330078125,64.36771101291501,29.707499980926514,29.947749900817872,30.520399856567387,30.71169994354248,24506.66666666667,29.0,30.0,31.35000038146973
2021-03-10,29.229999542236328,28.559999465942386,29.1200008392334,28.81999969482422,12600,28.81999969482422,28.869999567667648,83.54292770371801,29.63849992752075,29.893249893188475,30.43119987487793,30.704899940490726,24686.66666666667,29.0,30.0,31.35000038146973
2021-03-11,30.388999938964844,29.20000076293945,30.040000915527344,30.03000068664551,14000,30.03000068664551,29.87300046284993,112.3354700336545,29.63399991989136,29.878499889373774,30.361199913024898,30.712899951934816,24861.66666666667,31.35000038146973,31.809999465942386,32.97999954223633
2021-03-12,30.06999969482422,29.020999908447266,30.06999969482422,29.940000534057607,6500,29.940000534057607,29.67700004577637,72.4114179884422,29.52799987792969,29.876749897003172,30.29319992065429,30.72239995956421,24880.0,30.0,31.35000038146973,31.809999465942386
2021-03-15,30.09000015258789,29.60000038146973,29.86000061035156,29.8799991607666,61800,29.8799991607666,29.85666656494141,63.65110321106869,29.402499866485595,29.845499897003172,30.21139987945557,30.74519994735718,25873.33333333333,30.0,31.35000038146973,31.809999465942386
2021-03-16,29.8700008392334,29.020000457763672,29.8700008392334,29.40999984741211,16900,29.40999984741211,29.43333371480305,-23.19947256638142,29.26399984359741,29.82824988365173,30.127199897766115,30.760499954223636,26141.66666666667,30.0,31.35000038146973,31.809999465942386
2021-03-17,30.0,29.709999084472656,29.96999931335449,29.90999984741211,3600,29.90999984741211,29.873332977294922,58.0739167891365,29.164499855041505,29.77249989509583,30.077199897766114,30.78919994354248,26160.0,30.0,31.35000038146973,31.809999465942386
2021-03-18,29.63999938964844,29.170000076293945,29.6200008392334,29.6200008392334,12700,29.6200008392334,29.47666676839193,-74.6694855919025,29.130499935150148,29.69449987411499,30.029599914550786,30.811999950408936,26343.33333333333,30.0,31.35000038146973,31.809999465942386
2021-03-19,29.47500038146973,29.0,29.25,29.0,900,29.0,29.158333460489914,-109.53427337659409,29.05299997329712,29.62999987602234,29.959399948120122,30.841999950408937,26271.66666666667,30.0,31.35000038146973,31.809999465942386
2021-03-22,30.0,29.29999923706055,29.76000022888184,29.61000061035156,11900,29.61000061035156,29.63666661580403,42.13093031954417,29.038500022888183,29.54724993705749,29.914599952697753,30.885399951934808,26328.33333333333,30.0,31.35000038146973,31.809999465942386
2021-03-23,29.97200012207031,29.479999542236328,29.559999465942386,29.97200012207031,2700,29.97200012207031,29.80799992879232,66.33715043851984,29.082600021362303,29.49354996681213,29.88203994750977,30.93421995162964,26320.0,30.0,31.35000038146973,31.809999465942386
2021-03-24,29.28000068664551,27.25,29.01000022888184,28.45000076293945,2700,28.45000076293945,28.32666714986165,-147.65203960382294,29.0621000289917,29.42404999732971,29.831039962768553,30.984119968414305,26351.66666666667,29.0,30.0,31.35000038146973
2021-03-25,28.540000915527344,27.81999969482422,28.489999771118164,28.13999938964844,9600,28.13999938964844,28.16666666666667,-91.96223320628799,29.027099990844725,29.43429999351501,29.781439933776856,31.02801996231079,26471.66666666667,29.0,30.0,31.35000038146973
2021-03-26,29.29999923706055,28.229999542236328,28.520000457763672,29.29999923706055,1500,29.29999923706055,28.94333267211914,-3.6786183735279714,29.088599967956547,29.46329998970032,29.76723991394043,31.087619953155517,26370.0,30.0,31.35000038146973,31.809999465942386
2021-03-29,28.1200008392334,26.979999542236328,28.1200008392334,27.420000076293945,7900,27.420000076293945,27.506666819254562,-105.36308321908787,29.00310001373291,29.47354998588562,29.693039932250976,31.12491994857788,26433.33333333333,28.06999969482422,29.0,30.0
2021-03-30,27.8799991607666,27.32999992370605,27.459999084472656,27.459999084472656,7800,27.459999084472656,27.55666605631511,-79.66770077385527,28.89359998703003,29.466549968719484,29.640239906311034,31.157219944000243,26546.66666666667,28.06999969482422,29.0,30.0
2021-03-31,28.0,27.565000534057607,27.920000076293945,27.565000534057607,16900,27.565000534057607,27.710000356038407,-38.4245302772339,28.825850009918213,29.44667496681213,29.54873992919922,31.175869941711426,26826.66666666667,28.06999969482422,29.0,30.0
2021-04-01,27.959999084472656,27.332000732421875,27.45000076293945,27.56999969482422,39100,27.56999969482422,27.62066650390625,-38.23275604632007,28.82185001373291,29.413424968719482,29.445339889526373,31.19646993637085,26771.66666666667,28.06999969482422,29.0,30.0
2021-04-05,28.03000068664551,27.30500030517578,27.30500030517578,27.45000076293945,45100,27.45000076293945,27.59500058492025,-3.4544395573389286,28.819850063323976,29.34992499351501,29.362739906311035,31.219269943237304,27206.66666666667,28.06999969482422,29.0,30.0
2021-04-06,27.75,27.395000457763672,27.489999771118164,27.5,113300,27.5,27.548333485921226,-81.36244329506495,28.79785003662109,29.292425012588506,29.25433994293213,31.15476993560791,28785.0,28.06999969482422,29.0,30.0
2021-04-07,27.5,26.790000915527344,27.32999992370605,26.90500068664551,65500,26.90500068664551,27.065000534057607,-166.66666666666538,28.697600078582763,29.20255002975464,29.150039978027344,31.077219944000245,29751.66666666667,27.31999969482422,28.06999969482422,29.0
2021-04-08,27.649999618530273,27.399999618530273,27.399999618530273,27.5,98800,27.5,27.51666641235352,19.60283356790093,28.631600093841552,29.135050010681148,29.075439987182612,31.01721994400025,30766.66666666667,28.06999969482422,29.0,30.0
2021-04-09,27.51000022888184,27.20000076293945,27.440000534057607,27.4950008392334,68100,27.4950008392334,27.401667277018234,-10.271880313714908,28.504850101470947,29.069425010681147,29.07074001312256,30.965169944763183,31690.0,28.06999969482422,29.0,30.0
2021-04-12,27.399999618530273,26.76000022888184,27.170000076293945,27.20000076293945,11300,27.20000076293945,27.120000203450516,-73.69778725170164,28.36785011291504,28.94792499542236,29.051940040588374,30.912169952392574,31870.0,27.31999969482422,28.06999969482422,29.0
2021-04-13,27.0,26.71999931335449,26.989999771118164,26.71999931335449,34900,26.71999931335449,26.813332875569657,-111.7826334421542,28.209850120544434,28.80617499351501,29.04614002227783,30.849769954681395,32400.0,27.31999969482422,28.06999969482422,29.0
2021-04-14,27.170000076293945,26.899999618530273,26.920000076293945,26.95000076293945,116400,26.95000076293945,27.006666819254562,-47.82603631825655,28.0868501663208,28.675425004959106,29.030340042114254,30.79396997451782,34313.333333333336,27.31999969482422,28.06999969482422,29.0
2021-04-15,27.31999969482422,27.020000457763672,27.21999931335449,27.190000534057607,121600,27.190000534057607,27.17666689554851,31.411346069549605,27.950850200653075,28.55767502784729,29.00694004058838,30.738269996643066,35761.666666666664,27.31999969482422,28.06999969482422,29.0
2021-04-16,27.25,26.79999923706055,27.149999618530273,26.8799991607666,15000,26.8799991607666,26.976666132609054,-26.99251690172593,27.813850116729736,28.47217502593994,28.966540031433105,30.68086999893189,35080.0,27.31999969482422,28.06999969482422,29.0
2021-04-19,27.149999618530273,26.26000022888184,26.90999984741211,26.90999984741211,21300,26.90999984741211,26.773333231608078,-94.01698951637364,27.709350109100342,28.38117504119873,28.904940032958983,30.61996999740601,35420.0,27.31999969482422,28.06999969482422,29.0
