Date,High,Low,Open,Close,Volume,Adj Close,TP,CCI,20SMA,40SMA,50SMA,100SMA,60VMA
2018-01-02,64.12999725341797,62.18999862670898,62.47999954223633,64.01999664306639,327900.0,59.103965759277344,63.446664174397796,,,,,,
2018-01-03,64.30999755859375,62.38000106811523,64.22000122070311,62.709999084472656,239900.0,57.89455795288086,63.13333257039389,,,,,,
2018-01-04,64.09999847412111,62.4900016784668,62.4900016784668,63.540000915527344,302300.0,58.66083526611328,63.37666702270508,,,,,,
2018-01-05,63.95000076293945,62.349998474121094,63.56999969482422,63.11999893188477,196600.0,58.27307891845703,63.13999938964844,,,,,,
2018-01-08,63.91999816894531,62.4900016784668,63.0099983215332,63.599998474121094,222400.0,58.716224670410156,63.33666610717773,27.77794261051348,,,,,
2018-01-09,64.87999725341797,63.65999984741211,63.72999954223633,64.36000061035156,523700.0,59.41787338256836,64.29999923706055,166.66666666666387,,,,,
2018-01-10,64.08000183105469,62.790000915527344,63.93000030517578,63.06000137329102,259500.0,58.21769714355469,63.31000137329102,-37.70962347235057,,,,,
2018-01-11,65.56999969482422,63.18000030517578,63.349998474121094,65.05999755859375,424400.0,60.06411361694336,64.60333251953125,101.04313604331922,,,,,
2018-01-12,66.88999938964844,64.90000152587889,65.36000061035156,66.48000335693361,384600.0,61.37506866455078,66.09000142415364,144.14275137323574,,,,,
2018-01-16,67.30000305175781,65.29000091552734,66.87000274658203,65.70999908447266,433100.0,60.66418838500977,66.10000101725261,83.67644295221413,,,,,
2018-01-17,66.41000366210939,64.88999938964844,65.87000274658203,65.20999908447266,553500.0,60.20259094238281,65.50333404541016,27.33255707440903,,,,,
2018-01-18,66.76999664306639,61.0,62.0099983215332,65.72000122070311,713100.0,60.67343139648438,64.49666595458983,-88.82933608318413,,,,,
2018-01-19,68.33000183105469,66.0,66.01999664306639,68.26000213623047,492900.0,63.01839065551758,67.53000132242839,140.00700079005694,,,,,
2018-01-22,70.58000183105469,68.34999847412111,68.34999847412111,69.66000366210939,562700.0,64.31088256835939,69.53000132242839,127.23918550856621,,,,,
2018-01-23,69.98000335693361,68.93000030517578,69.34999847412111,69.51000213623047,378200.0,64.17240142822266,69.47333526611328,78.27553554763503,,,,,
2018-01-24,70.5199966430664,69.34999847412111,69.68000030517578,69.81999969482422,382900.0,64.45859527587889,69.89666493733722,65.65880450344936,,,,,
2018-01-25,70.33999633789061,69.12999725341797,70.16999816894531,70.27999877929689,336600.0,64.88325500488281,69.91666412353516,62.02866985645067,,,,,
2018-01-26,72.06999969482422,70.15000152587889,70.6500015258789,72.01000213623047,395600.0,66.48042297363281,71.41000111897786,166.66666666666583,,,,,
2018-01-29,72.95999908447266,71.55999755859375,71.70999908447266,72.04000091552734,458700.0,66.50812530517578,72.18666585286458,109.82256860605816,,,,,
2018-01-30,72.11000061035156,70.68000030517578,71.0,71.5999984741211,414400.0,66.10190582275389,71.46333312988281,38.12942428144689,66.78850021362305,,,,
2018-01-31,72.69000244140625,70.4000015258789,72.02999877929688,71.13999938964844,445900.0,65.67722320556639,71.41000111897786,16.25034639361833,67.14450035095214,,,,
2018-02-01,71.38999938964844,69.94999694824219,70.8499984741211,70.44000244140625,379600.0,65.03096771240234,70.5933329264323,-165.58917483574356,67.53100051879883,,,,
2018-02-02,70.34999847412111,68.41999816894531,69.76000213623047,68.65000152587889,388100.0,63.37843322753906,69.13999938964844,-138.78713001950095,67.7865005493164,,,,
2018-02-05,69.27999877929689,66.69000244140625,67.80999755859375,66.84999847412111,474600.0,61.71664810180664,67.60666656494139,-121.6054113847068,67.97300052642822,,,,
2018-02-06,67.58999633789061,65.25,65.27999877929689,66.55999755859375,499600.0,61.44893264770508,66.46666463216145,-107.00446201147899,68.12100048065186,,,,
2018-02-07,67.05999755859375,66.19999694824219,66.19999694824219,66.48999786376953,579500.0,61.38430404663086,66.58333079020183,-69.63602047357628,68.22750034332276,,,,
2018-02-08,66.70999908447266,65.16000366210939,66.70999908447266,65.19000244140625,499800.0,60.18413925170898,65.68666839599611,-92.03636849686492,68.33400039672851,,,,
2018-02-09,66.73000335693361,64.0,65.84999847412111,65.80999755859375,418000.0,60.75651550292969,65.51333363850911,-92.69672491482642,68.37150039672852,,,,
2018-02-12,67.18000030517578,65.68000030517578,66.08000183105469,66.58000183105469,359800.0,61.46740341186523,66.48000081380208,50.97710523839704,68.37650032043457,,,,
2018-02-13,67.41000366210939,65.84999847412111,66.26000213623047,67.30000305175781,221900.0,62.132102966308594,66.85333506266278,84.22485819647983,68.45600051879883,,,,
2018-02-14,69.47000122070311,66.55000305175781,66.55000305175781,69.29000091552734,387200.0,63.96928787231445,68.43666839599611,146.1042114013214,68.66000061035156,,,,
2018-02-15,70.30000305175781,68.87000274658203,69.65000152587889,69.80000305175781,509900.0,64.44012451171875,69.65666961669922,113.98045469492143,68.8640007019043,,,,
2018-02-16,71.33999633789062,69.58000183105469,69.69999694824219,70.73999786376953,357000.0,65.30794525146484,70.55333201090495,103.95773636773822,68.98800048828124,,,,
2018-02-20,70.72000122070312,69.83999633789061,70.26999664306639,70.18000030517578,291100.0,64.79095458984375,70.24666595458984,60.78730166887617,69.01400032043458,,,,
2018-02-21,72.8499984741211,70.12000274658203,70.44999694824219,71.77999877929688,453700.0,66.26808166503906,71.58333333333333,118.24555310942284,69.12750015258788,,,,
2018-02-22,72.62000274658203,70.69999694824219,72.13999938964844,71.91000366210938,331000.0,66.38810729980469,71.7433344523112,90.6863246959427,69.23200035095215,,,,
2018-02-23,72.76000213623047,71.6500015258789,72.23999786376953,72.37000274658203,184200.0,66.81279754638672,72.26000213623047,93.3384447111245,69.33650054931641,,,,
2018-02-26,72.58000183105469,71.3499984741211,72.38999938964844,72.16999816894531,248500.0,66.62814331054689,72.03333282470703,57.788780965633386,69.34450035095215,,,,
2018-02-27,73.25,71.06999969482422,72.08999633789062,71.06999969482422,233800.0,65.61259460449219,71.79666646321614,-27.426353894048013,69.29600028991699,,,,
2018-02-28,71.55999755859375,68.94000244140625,71.33999633789062,68.94000244140625,300600.0,63.64617919921875,69.81333414713542,-166.66666666666873,69.16300048828126,67.97575035095215,,,
2018-03-01,69.68000030517578,67.72000122070311,68.91999816894531,68.19000244140625,385100.0,62.95376586914063,68.53000132242839,-114.51246577090208,69.01550064086913,68.08000049591064,,,
2018-03-02,68.29000091552734,66.5,67.33000183105469,68.05999755859375,400500.0,63.2418098449707,67.61666615804036,-99.69914282453242,68.89650039672851,68.21375045776367,,,
2018-03-05,69.08000183105469,67.63999938964844,67.91000366210939,68.81999969482422,239600.0,63.9480094909668,68.51333363850911,-39.79511749344458,68.90500030517578,68.34575042724609,,,
2018-03-06,69.30999755859375,68.40000152587889,69.18000030517578,68.98000335693361,183300.0,64.09668731689453,68.89666748046875,27.24753361152024,69.01150054931641,68.49225053787231,,,
2018-03-07,69.41999816894531,68.40000152587889,68.41000366210939,69.05999755859375,410200.0,64.17102813720703,68.95999908447266,85.83931972625189,69.13650054931641,68.62875051498413,,,
2018-03-08,69.73999786376953,68.09999847412111,69.37999725341797,68.66000366210939,249100.0,63.79933547973633,68.83333333333333,44.97885310724017,69.2450008392334,68.73625059127808,,,
2018-03-09,71.4000015258789,68.91000366210939,69.31999969482422,71.33000183105469,211700.0,66.28031921386719,70.54666900634766,166.6666666666675,69.55200080871582,68.94300060272217,,,
2018-03-12,71.48999786376953,69.76999664306639,71.16999816894531,69.91000366210939,229200.0,64.96085357666016,70.38999938964844,76.41085511107437,69.7570011138916,69.06425075531006,,,
2018-03-13,70.88999938964844,68.69000244140625,70.19999694824219,68.80000305175781,233100.0,63.92942428588867,69.46000162760417,-17.864189079854327,69.86800117492676,69.12225074768067,,,
2018-03-14,69.48000335693361,68.48999786376953,69.26000213623047,69.01999664306639,164700.0,64.13386535644531,68.99666595458984,-65.68121133352528,69.9540008544922,69.2050006866455,68.19720046997071,,
2018-03-15,69.51000213623047,68.5,69.13999938964844,69.12000274658203,263800.0,64.22679138183594,69.0433349609375,-68.71523884976,69.94550094604492,69.30275077819825,68.29920059204102,,
2018-03-16,70.94000244140625,69.08999633789061,69.19000244140625,70.11000061035156,506900.0,65.14668273925781,70.04666646321614,60.66208821841981,69.96100082397462,69.41250076293946,68.4472006225586,,
2018-03-19,70.44999694824219,67.84999847412111,69.76000213623047,69.26000213623047,325000.0,64.35688018798828,69.18666585286458,-32.787081738668434,69.88700103759766,69.43750076293945,68.56160064697265,,
2018-03-20,70.20999908447266,69.0,69.31999969482422,69.33000183105469,238600.0,64.42192077636719,69.51333363850911,30.757149197779217,69.8445011138916,69.42925071716309,68.68580070495605,,
2018-03-21,70.77999877929688,69.23999786376953,69.23999786376953,69.91000366210939,155900.0,64.96085357666016,69.97666676839192,76.96972118200374,69.75100135803223,69.43925075531006,68.81200080871582,,
2018-03-22,70.16999816894531,68.01000213623047,69.23999786376953,68.23999786376953,299900.0,63.4090690612793,68.80666605631511,-114.41967556462359,69.56750106811523,69.39975070953369,68.88960075378418,,
2018-03-23,69.11000061035156,67.80999755859375,68.37000274658203,67.86000061035156,219500.0,63.05597686767578,68.25999959309895,-120.35027973058928,69.34200096130371,69.33925075531006,68.98560073852539,,
2018-03-26,70.73999786376953,68.45999908447266,68.98000335693361,70.56999969482422,454000.0,65.57411956787111,69.92333221435547,68.54593819302474,69.26200103759766,69.30325069427491,69.09580078125,,
2018-03-27,70.87000274658203,67.58000183105469,70.87000274658203,67.94000244140625,371000.0,63.13030242919922,68.79666900634766,-37.20714628970523,69.10550117492676,69.20075073242188,69.12500076293945,,
2018-03-28,68.91000366210939,67.37999725341797,67.98000335693361,67.87000274658203,350000.0,63.06527709960938,68.05333455403645,-97.4190121998234,69.05200119018555,69.1075008392334,69.16820083618164,,357631.6666666667
2018-03-29,69.25,68.19000244140625,68.19000244140625,68.48999786376953,404100.0,63.6413688659668,68.64333343505861,-12.273252208277409,69.0670009613037,69.04125080108642,69.23380081176758,,358901.6666666667
2018-04-02,68.81999969482422,66.47000122070311,68.15000152587889,66.97000122070311,341700.0,62.22897720336914,67.42000071207683,-115.10169621425396,69.01250114440919,68.95450077056884,69.25880081176757,,360598.3333333333
2018-04-03,68.62000274658203,67.23999786376953,67.68000030517578,68.12999725341797,319800.0,63.30685806274414,67.99666595458984,-28.707343498288328,68.97800102233887,68.94150066375732,69.25620071411133,,360890.0
2018-04-04,68.66000366210939,66.52999877929689,67.0,68.44000244140625,251600.0,63.59491729736328,67.87666829427084,-28.861149161285567,68.9510009765625,68.98125076293945,69.23180068969727,,361806.6666666667
2018-04-05,69.70999908447266,68.19999694824219,68.68000030517578,69.05999755859375,270000.0,64.17102813720703,68.98999786376953,106.21248741188192,68.9510009765625,69.04375076293945,69.22280059814453,,362600.0
2018-04-06,69.19000244140625,65.98000335693361,68.62999725341797,66.94999694824219,400600.0,62.21039581298828,67.37333424886067,-82.74031148768707,68.86550064086914,69.05525074005126,69.1654005432129,,360548.3333333333
2018-04-09,67.58999633789061,65.81999969482422,67.58000183105469,66.20999908447266,272900.0,61.52277755737305,66.53999837239583,-126.80870417573485,68.60950050354003,69.08075065612793,69.0840005493164,,360771.6666666667
2018-04-10,68.48999786376953,66.81999969482422,67.22000122070311,67.69999694824219,373300.0,62.90730285644531,67.66999816894531,-2.242288242492503,68.49900016784667,69.12800064086915,68.99780044555663,,359920.0
2018-04-11,67.94000244140625,67.16000366210939,67.19999694824219,67.76999664306639,175400.0,62.97233963012695,67.62333424886067,-1.930304080272994,68.4474998474121,69.15775051116944,68.91240036010743,,356433.3333333333
2018-04-12,68.97000122070311,67.72000122070311,68.13999938964844,68.25,291200.0,63.41837692260742,68.31333414713541,123.22381609293629,68.40900001525878,69.18150043487549,68.845400390625,,354068.3333333333
2018-04-13,68.72000122070311,67.55000305175781,68.66000366210939,67.98999786376953,257400.0,63.1767578125,68.08666737874347,64.89687266926589,68.35249977111816,69.14900035858155,68.78240036010742,,349133.3333333333
2018-04-16,70.08000183105469,68.02999877929689,68.43000030517578,69.63999938964844,324100.0,64.70996856689453,69.25,149.1473723274256,68.32899971008301,69.1450002670288,68.76640029907226,,342650.0
2018-04-17,69.94000244140625,68.15000152587889,69.94000244140625,68.34999847412111,227300.0,63.51129531860352,68.81333414713542,53.71680956780745,68.28349952697754,69.0852502822876,68.7604002380371,,338223.3333333333
2018-04-18,70.12000274658203,68.51000213623047,68.94000244140625,69.66999816894531,357200.0,64.73783874511719,69.43333435058594,94.07371248825442,68.30049934387208,69.07250022888184,68.8168002319336,,334798.3333333333
2018-04-19,71.98999786376953,67.72000122070311,71.7699966430664,68.70999908447266,404800.0,63.84579086303711,69.47333272298178,68.58659632879437,68.24049911499023,68.99575023651123,68.85980026245117,,335241.6666666667
2018-04-20,69.48000335693361,68.41000366210939,68.66999816894531,68.65000152587889,313900.0,63.79005813598633,68.84666951497395,-79.16639963704789,68.2609992980957,68.91425018310547,68.90300033569336,,334091.6666666667
2018-04-23,69.41000366210939,68.44999694824219,68.44999694824219,68.80999755859375,189300.0,63.9387092590332,68.88999938964844,-46.34781468367865,68.30849914550781,68.82525005340577,68.97540023803711,,331636.6666666667
2018-04-24,70.34999847412111,67.43000030517578,69.22000122070311,68.40000152587889,322400.0,63.5577507019043,68.72666676839192,-76.30362425622474,68.19999923706055,68.7310001373291,69.0272003173828,,330416.6666666667
2018-04-25,68.76999664306639,67.08999633789061,68.15000152587889,67.77999877929689,253300.0,62.98164749145508,67.87999725341797,-160.02422603297845,68.19199905395507,68.64875011444092,69.05120025634766,,326993.3333333333
2018-04-26,68.12999725341797,65.98999786376953,67.91000366210939,66.63999938964844,189900.0,61.92235565185547,66.91999816894531,-130.24483702171105,68.1304988861084,68.59125003814697,69.03800018310547,,323251.6666666667
2018-04-27,67.04000091552734,66.11000061035156,66.36000061035156,66.69999694824219,295600.0,61.97809219360352,66.61666615804036,-95.50556431432392,68.04099884033204,68.55399990081787,68.98620010375977,,320746.6666666667
2018-04-30,67.05000305175781,65.23000335693361,66.87000274658203,65.23999786376953,245900.0,60.62145614624024,65.84000142415364,-102.15853002015275,67.95449867248536,68.48349990844727,68.895,,318518.3333333333
2018-05-01,65.91000366210939,63.97999954223633,65.0,65.65000152587889,351400.0,61.00243377685547,65.18000157674153,-111.47117193879556,67.8304988861084,68.40424995422363,68.79320007324219,,317906.6666666667
2018-05-02,67.01999664306639,65.16000366210939,65.65000152587889,66.16000366210939,242500.0,61.47632217407226,66.11333465576172,-2.71489647972458,67.71649894714355,68.33374996185303,68.71280014038086,,314038.3333333333
2018-05-03,68.01000213623047,65.37000274658203,66.08999633789061,67.38999938964844,330600.0,62.61924743652344,66.92333475748697,103.44540601412326,67.63299903869628,68.2920000076294,68.62500015258789,,311221.6666666667
2018-05-04,70.02999877929689,66.68000030517578,67.22000122070311,69.13999938964844,259700.0,64.24537658691406,68.61666615804036,140.4478843757087,67.7424991607666,68.30399990081787,68.56960006713867,,305891.6666666667
2018-05-07,70.81999969482422,69.18000030517578,69.31999969482422,69.76000213623047,273600.0,64.82147216796875,69.92000071207683,111.65193015717152,67.9199993133545,68.26474990844727,68.51740005493164,,302121.6666666667
2018-05-08,70.33999633789061,69.43000030517578,69.94000244140625,70.13999938964844,214500.0,65.174560546875,69.96999867757161,77.32883344154958,68.0419994354248,68.27049980163574,68.47680007934571,,298730.0
2018-05-09,71.97000122070312,70.30000305175781,70.33000183105469,71.29000091552734,249300.0,66.24315643310547,71.1866683959961,99.96430883986463,68.21799964904785,68.33274974822999,68.48120010375976,,296888.3333333333
2018-05-10,72.5999984741211,71.2699966430664,71.55999755859375,72.2699966430664,206300.0,67.15376281738281,72.04666392008464,111.57806465407715,68.41899948120117,68.41399974822998,68.54779998779297,,296628.3333333333
2018-05-11,73.0,71.76000213623047,72.23999786376953,71.83999633789062,159300.0,66.75421142578125,72.1999994913737,84.49935812231827,68.61149940490722,68.4819995880127,68.62079986572266,,292830.0
2018-05-14,72.80999755859375,71.37000274658203,71.9800033569336,71.91000366210938,154200.0,66.81926727294922,72.03000132242839,49.847272034962145,68.72499961853028,68.52699966430664,68.69779998779296,,286901.6666666667
2018-05-15,73.08999633789062,71.41999816894531,71.5199966430664,73.0,241800.0,67.83209991455078,72.50333150227864,105.37188562771229,68.95749969482422,68.62049961090088,68.78139999389649,,284981.6666666667
2018-05-16,75.3499984741211,73.13999938964844,73.18000030517578,74.30999755859375,392500.0,69.04936218261719,74.26666514078777,166.66666666666524,69.18949966430664,68.74499950408935,68.88799987792969,,286671.6666666667
2018-05-17,75.4000015258789,73.12999725341797,74.0999984741211,73.87000274658203,311500.0,68.64049530029297,74.13333384195964,78.59855668604355,69.4474998474121,68.84399948120117,68.98419998168946,,284301.6666666667
2018-05-18,75.11000061035156,73.33000183105469,73.94000244140625,74.80000305175781,285200.0,69.50467681884766,74.41333516438802,65.41030505093978,69.75499992370605,69.00799961090088,69.10699996948242,,283538.3333333333
2018-05-21,76.26000213623047,74.54000091552734,75.02999877929688,75.79000091552734,151800.0,70.42459869384766,75.53000132242839,133.241948027121,70.10400009155273,69.20624961853028,69.19619995117188,,282998.3333333333
2018-05-22,76.08999633789062,73.3499984741211,75.79000091552734,73.4000015258789,192900.0,68.20378875732422,74.27999877929688,-40.56163680345941,70.35400009155273,69.27699966430664,69.26599990844727,,282071.6666666667
2018-05-23,72.9800033569336,71.62999725341797,72.9800033569336,72.61000061035156,233800.0,67.46969604492189,72.4066670735677,-164.84138419711178,70.59550018310547,69.39374961853028,69.34219985961914,,282071.6666666667
2018-05-24,73.12999725341797,71.81999969482422,72.62000274658203,72.66999816894531,111600.0,67.52544403076172,72.53999837239583,-79.2504320268423,70.89700012207031,69.51374950408936,69.41519989013672,68.80620018005371,278921.6666666667
2018-05-25,72.76000213623047,72.01000213623047,72.18000030517578,72.48999786376953,103400.0,67.35820007324219,72.42000071207683,-57.571583608253256,71.18650016784667,69.61374950408936,69.48259979248047,68.89090019226074,274226.6666666667
2018-05-29,72.87999725341797,70.9000015258789,72.13999938964844,71.68000030517578,228000.0,66.60556030273439,71.81999969482422,-91.73673104425869,71.508500289917,69.73149948120117,69.51399978637696,68.98060020446778,271351.6666666667
2018-05-30,74.01000213623047,71.94000244140625,72.13999938964844,73.41999816894531,268300.0,68.22236633300781,73.12333424886067,149.08361178243806,71.89700012207031,69.86374950408936,69.59719970703125,69.07940017700196,271830.0
2018-05-31,73.43000030517578,71.61000061035156,73.4000015258789,71.9000015258789,209400.0,66.80995941162111,72.31333414713542,-27.89687578654529,72.18400001525879,69.95024948120117,69.64859970092773,69.1672002029419,272265.0
2018-06-01,72.9800033569336,72.26000213623047,72.55999755859375,72.79000091552734,181900.0,67.63695526123047,72.67666880289714,39.9846583067246,72.45400009155273,70.0434995651245,69.7061996459961,69.25910022735596,268460.0
2018-06-04,73.87999725341797,72.8499984741211,73.0999984741211,73.20999908447266,284400.0,68.02722930908203,73.3133316040039,94.96535711422524,72.65750007629394,70.19999961853027,69.80559967041016,69.34760021209716,269048.3333333333
2018-06-05,73.4800033569336,71.9800033569336,73.16000366210938,72.98999786376953,258200.0,67.82279205322266,72.81666819254558,-7.2135494061594185,72.81899986267089,70.3694995880127,69.90819961547851,69.44690017700195,269823.3333333333
2018-06-06,73.51000213623047,71.61000061035156,73.04000091552734,72.0199966430664,206100.0,66.92146301269531,72.37999979654948,-73.0596454752682,72.91299972534179,70.4774995803833,69.93719955444335,69.51650016784669,269438.3333333333
2018-06-07,73.5999984741211,72.12999725341797,72.30000305175781,73.31999969482422,165500.0,68.12944030761719,73.01666514078777,45.220796179368755,73.01449966430664,70.61624965667724,70.04479949951173,69.58490013122558,268311.6666666667
2018-06-08,73.56999969482422,71.55000305175781,73.18000030517578,72.12000274658203,254700.0,67.01438903808594,72.41333516438802,-79.78398932836178,73.00699996948242,70.7129997253418,70.12979949951172,69.64900016784668,269811.6666666667
2018-06-11,73.16000366210938,72.05999755859375,72.19999694824219,72.41000366210938,218900.0,67.28386688232422,72.5433349609375,-26.72933341011365,73.03550033569336,70.8234998703003,70.20819961547852,69.72100021362304,269063.3333333333
2018-06-12,73.0,71.69999694824219,72.5199966430664,72.37000274658203,145400.0,67.24669647216797,72.3566665649414,-64.89284820016661,73.05850028991699,70.89174995422363,70.3161996459961,69.78750022888184,263038.3333333333
2018-06-13,72.2699966430664,71.05999755859375,72.2699966430664,71.23999786376953,210600.0,66.19669342041016,71.52333068847656,-163.95770776312602,72.97050018310547,70.96399993896485,70.37839965820312,69.81730018615723,261131.66666666666
2018-06-14,71.95999908447266,70.56999969482422,71.16000366210938,71.91000366210938,190500.0,67.23453521728516,71.48000081380208,-86.54770874159323,72.85050048828126,71.02000007629394,70.44779968261719,69.83980018615722,260330.0
2018-06-15,72.1500015258789,69.94000244140625,71.61000061035156,71.66000366210938,357000.0,67.00077819824219,71.25000254313152,-78.13028464306663,72.74000053405761,71.09375019073487,70.4997998046875,69.86130020141601,263681.6666666667
2018-06-18,72.41999816894531,71.19000244140625,71.22000122070312,71.91000366210938,160300.0,67.23453521728516,71.84000142415364,30.612433434869388,72.59550056457519,71.17525024414063,70.59899993896484,69.88220024108887,261355.0
2018-06-19,71.62000274658203,70.0,70.83000183105469,71.22000122070312,250600.0,66.58937072753906,70.94666798909505,-124.14815702983064,72.36700057983398,71.23550033569336,70.69919998168945,69.89160026550293,261873.33333333334
2018-06-20,72.43000030517578,70.94000244140625,71.62000274658203,72.08000183105469,190300.0,67.39347076416016,71.81666819254558,79.18560783902043,72.30100059509277,71.32750034332275,70.78680007934571,69.89230026245117,257478.33333333334
2018-06-21,72.08000183105469,70.01000213623047,71.9800033569336,70.34999847412111,200000.0,65.77594757080078,70.81333414713542,-87.54221641554967,72.18800048828125,71.39175033569336,70.83840011596679,69.87540023803712,254628.33333333334
2018-06-22,71.91999816894531,70.41999816894531,71.25,70.54000091552734,493600.0,65.95359802246094,70.95999908447266,-47.51879408798666,72.08150062561035,71.48925037384033,70.88420013427735,69.86480026245117,257021.66666666666
2018-06-25,70.26999664306639,68.95999908447266,70.26999664306639,69.33999633789061,211600.0,64.83161926269531,69.52333068847656,-166.6666666666685,71.9240005493164,71.55525035858155,70.91120010375977,69.8468002319336,253813.33333333334
2018-06-26,70.27999877929689,68.88999938964844,69.68000030517578,69.84999847412111,184300.0,65.30846405029297,69.67333221435547,-76.81607122384386,71.83250045776367,71.67050037384033,70.91540008544922,69.84090019226075,251190.0
2018-06-27,70.83999633789062,68.93000030517578,70.04000091552734,68.97000122070311,115400.0,64.48567962646484,69.57999928792317,-56.866867650236166,71.61000061035156,71.75350036621094,70.92780014038085,69.84410018920899,247783.33333333334
2018-06-28,69.19000244140625,67.91999816894531,68.72000122070311,69.08000183105469,211900.0,64.58852386474611,68.73000081380208,-126.75415842156887,71.46900062561035,71.82650032043458,70.91600021362305,69.86640022277832,247121.66666666666
2018-06-29,75.2300033569336,69.30000305175781,70.44000244140625,74.2300033569336,570700.0,69.4036865234375,72.92000325520833,166.66666666666666,71.54100074768067,71.9975004196167,71.02640029907226,69.94310028076171,252133.33333333334
2018-07-02,74.13999938964844,72.56999969482422,73.19999694824219,74.13999938964844,383500.0,69.31953430175781,73.61666615804036,95.610624326145,71.58750076293946,72.1225004196167,71.13620025634765,70.01960029602051,251848.33333333334
2018-07-03,75.47000122070312,74.19000244140625,74.86000061035156,74.77999877929688,151000.0,69.91791534423828,74.81333414713542,86.4641911999737,71.67700080871582,72.24800033569336,71.25560028076171,70.11550025939941,249816.66666666666
2018-07-05,75.98999786376953,74.36000061035156,75.16999816894531,75.95999908447266,152500.0,71.02120971679688,75.43666585286458,85.34503152182634,71.87400093078614,72.39350032806396,71.40680023193359,70.2170002746582,246136.66666666666
2018-07-06,76.87000274658203,75.19000244140625,76.18000030517578,75.31999969482422,206200.0,70.42280578613281,75.7933349609375,85.3148942296703,71.97400093078613,72.49425029754639,71.55760025024414,70.3044002532959,246650.0
2018-07-09,77.36000061035156,74.97000122070312,75.5,77.04000091552734,219100.0,72.03096771240234,76.45666758219402,101.92839098337791,72.22000083923339,72.61350040435791,71.76560028076172,70.40180023193359,245448.33333333334
2018-07-10,77.36000061035156,75.3499984741211,77.31999969482422,75.69999694824219,180800.0,70.7780990600586,76.13666534423828,56.63137809242792,72.38450050354004,72.7100004196167,71.94560028076172,70.46590019226075,244171.66666666666
2018-07-11,76.7300033569336,73.62000274658203,75.1500015258789,75.77999877929688,347800.0,70.85289764404297,75.37666829427083,-84.54976859328896,72.55500030517578,72.80675029754639,72.15640029907226,70.52570014953614,244566.66666666666
2018-07-12,76.5,75.37000274658203,76.5,75.66999816894531,267900.0,70.75005340576172,75.84666697184245,-16.75574434502904,72.77650032043456,72.87350025177003,72.35680023193359,70.57500015258789,245243.33333333334
2018-07-13,77.08999633789062,75.5199966430664,75.5199966430664,76.86000061035156,231700.0,71.86268615722656,76.48999786376953,79.44138067678875,73.02400016784668,72.93725032806397,72.57080017089844,70.64180015563964,243151.66666666666
2018-07-16,77.45999908447266,76.30000305175781,76.81999969482422,77.0,254500.0,71.99359130859375,76.92000071207683,115.85021755873156,73.2909999847412,73.01550025939942,72.76300018310548,70.69400016784668,240646.66666666666
2018-07-17,77.31999969482422,76.33999633789062,76.83000183105469,76.9800033569336,206400.0,71.97488403320312,76.87999979654948,69.62540102218324,73.54449996948242,73.0700002670288,72.91980026245118,70.74470016479492,238855.0
2018-07-18,78.33000183105469,76.33000183105469,77.0199966430664,77.29000091552734,355300.0,72.26472473144531,77.31666819254558,99.87242169619572,73.84799995422364,73.10750026702881,73.07040023803711,70.79390014648438,241621.66666666666
2018-07-19,86.91000366210938,80.2699966430664,81.30000305175781,84.1500015258789,1161300.0,78.67870330810547,83.77666727701823,166.6666666666654,74.45149993896484,73.37625026702881,73.35060028076173,70.91370018005371,255603.33333333334
2018-07-20,91.12000274658205,84.66999816894531,85.75,88.27999877929688,975600.0,82.5401840209961,88.02333323160809,116.61441607409655,75.34799995422364,73.76800022125244,73.69040023803711,71.08580017089844,267641.6666666667
2018-07-23,89.48999786376953,86.45999908447266,88.19999694824219,86.75,490300.0,81.10965728759766,87.56666564941406,72.04772384575902,76.15849990844727,74.12000026702881,73.98000030517578,71.26390014648437,272648.3333333333
2018-07-24,88.69000244140625,84.5199966430664,87.97000122070312,84.9000015258789,418700.0,79.37994384765625,86.03666687011719,31.117973100016194,76.93650016784667,74.43025035858155,74.24120040893554,71.43100013732911,274700.0
2018-07-25,86.2699966430664,83.55000305175781,84.9000015258789,86.08000183105469,530700.0,80.48321533203125,85.3000005086263,-42.34669069704011,77.74800033569336,74.79025039672851,74.52460037231445,71.61120018005371,279446.6666666667
2018-07-26,86.33999633789062,84.69999694824219,85.83000183105469,85.18000030517578,260800.0,79.64173126220703,85.4066645304362,-66.4994773018961,78.55850028991699,75.08425045013428,74.76820037841797,71.77480018615722,277936.6666666667
2018-07-27,85.62999725341797,82.4000015258789,85.62999725341797,82.83999633789062,377000.0,77.453857421875,83.62333170572917,-134.65936142791503,79.24650001525879,75.35775032043458,74.9388003540039,71.9134001159668,280178.3333333333
2018-07-30,83.26000213623047,81.08000183105469,82.83999633789062,81.38999938964844,524400.0,76.09815216064453,81.91000111897786,-125.60856825550194,79.60449981689453,75.5727502822876,75.08920028686524,72.03670013427734,283408.3333333333
2018-07-31,82.88999938964844,81.12999725341797,81.52999877929688,82.33999633789062,269300.0,76.98638916015625,82.11999766031902,-76.92314479472844,80.01449966430664,75.80100021362304,75.2400001525879,72.17350006103516,283568.3333333333
2018-08-01,83.5,81.33000183105469,81.41000366210938,82.93000030517578,333600.0,77.53803253173828,82.58666737874348,-32.63564484398863,80.42199974060058,76.0495002746582,75.38280014038087,72.28950004577636,284568.3333333333
2018-08-02,83.77999877929688,81.83999633789062,82.5199966430664,83.01000213623047,254300.0,77.6128158569336,82.87666575113933,33.68793822564746,80.77449989318848,76.32425041198731,75.57500015258789,72.42050003051757,285231.6666666667
2018-08-03,83.66999816894531,82.2699966430664,83.02999877929688,83.58000183105469,216000.0,78.14575958251953,83.17333221435547,102.89377235461224,81.1875,76.58075046539307,75.79440017700195,72.56830001831055,284676.6666666667
2018-08-06,84.55999755859375,83.51000213623047,83.75,84.02999877929688,200200.0,78.56648254394531,84.03333282470703,138.86023049493022,81.53699989318848,76.87850036621094,76.02160018920898,72.71840003967286,284575.0
2018-08-07,85.69999694824219,83.93000030517578,84.76000213623047,85.37000274658203,236900.0,79.81936645507812,85.0,124.32159084762584,82.02050018310547,77.20250034332275,76.27920028686523,72.88090003967285,285868.3333333333
2018-08-08,85.87999725341797,83.66000366210938,84.94000244140625,85.08999633789062,270500.0,79.55757141113281,84.87666575113933,76.23803387334324,82.48600006103516,77.52050018310547,76.54740020751953,73.03069999694824,287806.6666666667
2018-08-09,85.41999816894531,84.41999816894531,85.05999755859375,84.56999969482422,134000.0,79.0713882446289,84.80333201090495,45.86557152113394,82.93100013732911,77.85375022888184,76.77040023803711,73.18379997253417,286010.0
2018-08-10,84.75,83.27999877929688,84.05000305175781,84.33999633789062,124600.0,78.85633087158203,84.12333170572917,-75.66472005368742,83.30499992370605,78.16450004577636,77.01920013427734,73.33389991760254,281545.0
2018-08-13,84.69000244140625,82.62000274658203,84.69000244140625,82.7699966430664,225200.0,77.38842010498047,83.36000061035156,-129.3615082429155,83.59349975585937,78.44224987030029,77.21880004882813,73.4624998474121,280106.6666666667
2018-08-14,84.38999938964844,82.69000244140625,82.73999786376953,83.48999786376953,165400.0,78.06159973144531,83.52333323160808,-72.81781563684375,83.91899948120117,78.7317497253418,77.42440002441407,73.61499984741211,278110.0
2018-08-15,83.0199966430664,80.43000030517578,82.72000122070312,81.55999755859375,226000.0,76.25709533691406,81.66999816894531,-155.11395098521126,84.13249931335449,78.99024963378906,77.59580001831054,73.75199981689452,279346.6666666667
2018-08-16,82.37999725341797,81.44000244140625,82.0,82.19000244140625,160700.0,76.84613800048828,82.00333404541016,-70.69931868295441,84.03449935913086,79.24299964904785,77.79920013427734,73.86819984436035,278810.0
2018-08-17,83.37000274658203,82.2300033569336,82.2300033569336,83.01000213623047,86600.0,77.6128158569336,82.87000274658203,18.13322577477785,83.77099952697753,79.55949974060059,77.99300018310547,74.0188998413086,276356.6666666667
2018-08-20,84.0,82.80000305175781,83.22000122070312,83.76000213623047,110000.0,78.31404876708984,83.52000172932942,75.95255882282946,83.62149963378906,79.88999977111817,78.22580017089844,74.17779983520508,276330.0
2018-08-21,86.48999786376953,84.20999908447266,84.20999908447266,85.83000183105469,412800.0,80.24946594238281,85.50999959309895,142.54535911817968,83.66799964904786,80.30224990844727,78.49420013427735,74.35119987487793,281486.6666666667
2018-08-22,86.54000091552734,85.31999969482422,85.80999755859375,85.91000366210938,279000.0,80.32427215576172,85.923334757487,93.16715844868021,83.65949974060058,80.70375003814698,78.76500015258789,74.54059989929199,282336.6666666667
2018-08-23,86.4800033569336,84.6500015258789,85.94000244140625,85.27999877929688,180700.0,79.73522186279297,85.47000122070312,46.19299177162363,83.66449966430665,81.11149997711182,79.04580017089843,74.71209991455078,280876.6666666667
2018-08-24,86.94999694824219,85.30999755859375,85.69000244140625,85.75,136100.0,80.17467498779297,86.00333150227863,67.78684585384724,83.80999984741212,81.52824993133545,79.32260009765625,74.88519989013672,279655.0
2018-08-27,87.2300033569336,85.83000183105469,86.19999694824219,86.37999725341797,172800.0,80.76370239257812,86.48000081380206,129.66168020085658,84.05949974060059,81.83199977874756,79.61699996948242,75.05839988708496,279503.3333333333
2018-08-28,87.37999725341797,84.58000183105469,86.55000305175781,85.5199966430664,161800.0,79.9596176147461,85.82666524251302,-31.56192494284389,84.21849975585937,82.116499710083,79.88919982910156,75.2440998840332,277460.0
2018-08-29,86.01000213623047,84.87999725341797,85.66999816894531,85.27999877929688,154400.0,79.73522186279297,85.38999938964844,-90.76050679659288,84.33599967956543,82.37899971008301,80.17039978027344,75.43479988098144,275730.0
2018-08-30,85.76000213623047,83.9800033569336,85.12000274658203,85.12000274658203,144400.0,79.58563232421875,84.95333607991536,-115.88135001279308,84.44149971008301,82.60799980163574,80.43119979858399,75.60899993896484,274701.6666666667
2018-08-31,85.22000122070312,84.23999786376953,84.62000274658203,84.44999694824219,189300.0,78.95919036865234,84.63666534423828,-98.26010986626112,84.48499946594238,82.8362497329712,80.7131997680664,75.7757999420166,275098.3333333333
2018-09-04,84.9800033569336,82.5199966430664,84.38999938964844,83.41000366210938,203000.0,77.98682403564453,83.6366678873698,-138.74098110068374,84.45399971008301,82.99549980163575,80.97059982299805,75.9273999786377,274236.6666666667
2018-09-05,83.7699966430664,82.48999786376953,83.31999969482422,83.44999694824219,192100.0,78.02421569824219,83.23666381835938,-101.1778992768173,84.35799942016601,83.18924980163574,81.25279983520508,76.08199996948242,273790.0
2018-09-06,83.77999877929688,82.20999908447266,83.51000213623047,83.27999877929688,183900.0,77.8652572631836,83.08999888102214,-77.33383103119597,84.26749954223632,83.37674980163574,81.5213998413086,76.2183999633789,274431.6666666667
2018-09-07,83.4000015258789,82.0999984741211,82.61000061035156,83.08000183105469,161600.0,77.67827606201172,82.86000061035156,-81.69571737868776,84.19299964904785,83.56199989318847,81.80359985351562,76.36569999694824,273615.0
2018-09-10,84.87999725341797,82.70999908447266,83.77999877929688,83.76000213623047,162900.0,78.31404876708984,83.78333282470703,99.05638258032221,84.16399993896485,83.73449993133545,82.09719985961914,76.5066000366211,273155.0
2018-09-11,83.88999938964844,82.98999786376953,83.43000030517578,83.06999969482422,175700.0,77.66891479492188,83.31666564941406,16.894433181867733,84.17900009155274,83.88624992370606,82.27399978637695,76.6502000427246,270133.3333333333
2018-09-12,83.55000305175781,81.72000122070312,83.33999633789062,81.9000015258789,246000.0,76.57498931884766,82.39000193277995,-125.62994861542302,84.0995002746582,84.00924987792969,82.42919982910156,76.78270004272461,271561.6666666667
2018-09-13,82.9000015258789,81.41999816894531,81.93000030517578,82.63999938964844,214700.0,77.68421173095703,82.31999969482422,-83.06295319379117,84.15350036621093,84.14299983978272,82.58639984130859,76.92100006103516,270963.3333333333
2018-09-14,84.0199966430664,82.4000015258789,82.7699966430664,83.16999816894531,322000.0,78.18243408203125,83.19666544596355,25.18471505994925,84.20250015258789,84.11849975585938,82.73059982299804,77.06870002746582,273158.3333333333
2018-09-17,84.41999816894531,81.86000061035156,83.30000305175781,84.25,168600.0,79.19767761230469,83.50999959309895,79.34283076383021,84.26450004577637,84.01774978637695,82.90919982910157,77.23340003967286,272635.0
2018-09-18,85.47000122070312,84.05999755859375,85.29000091552734,84.86000061035156,209800.0,79.7710952758789,84.79666646321614,142.20354031562593,84.31949996948242,83.97049980163574,83.06559982299805,77.41560005187988,267905.0
2018-09-19,85.70999908447266,84.5199966430664,84.9000015258789,84.88999938964844,148300.0,79.79930114746094,85.03999837239583,92.18305488369988,84.2724998474121,83.97024974822997,83.24939987182617,77.59750007629394,266850.0
2018-09-20,86.23999786376953,85.01000213623047,85.76000213623047,85.63999938964844,210300.0,80.50431823730469,85.62999979654948,92.11881722756607,84.25899963378906,83.95924968719483,83.4465998840332,77.80150009155274,267283.3333333333
2018-09-21,86.0999984741211,84.98999786376953,85.87999725341797,85.69000244140625,400400.0,80.55132293701172,85.5933329264323,74.42306445001606,84.27949981689453,83.97199974060058,83.64699996948242,78.00190010070801,272033.3333333333
2018-09-24,86.4000015258789,84.5999984741211,85.8499984741211,86.25,222700.0,81.0777359008789,85.75,72.87755722039776,84.30449981689453,84.05724983215332,83.8347999572754,78.20280006408692,272213.3333333333
2018-09-25,87.05999755859375,85.63999938964844,86.37999725341797,86.06999969482422,138200.0,80.90853118896484,86.25666554768878,143.76575048441342,84.28899993896485,84.17424983978272,84.01619995117187,78.38960006713867,265005.0
2018-09-26,87.0,85.47000122070312,86.05000305175781,86.29000091552734,217800.0,81.1153335571289,86.25333404541016,82.9459493474341,84.32750015258789,84.27299995422364,84.20239990234376,78.56110008239746,262243.3333333333
2018-09-27,87.20999908447266,86.23999786376953,86.31999969482422,86.6500015258789,243200.0,81.4537582397461,86.69999949137372,111.87038176328444,84.396000289917,84.36599998474121,84.38959991455079,78.73000007629395,263780.0
2018-09-28,86.91000366210938,85.81999969482422,86.4800033569336,86.58999633789062,167200.0,81.39734649658203,86.43999989827472,45.977056853320036,84.46949996948243,84.45549983978272,84.43839981079101,78.89450004577637,264025.0
2018-10-01,87.0999984741211,86.29000091552734,87.04000091552734,86.5999984741211,211600.0,81.40675354003906,86.66333262125653,76.35713196350967,84.57700004577637,84.53099975585937,84.4047998046875,79.0476000213623,264115.0
2018-10-02,87.23999786376953,85.5199966430664,86.44000244140625,86.12999725341797,176600.0,80.96493530273438,86.29666392008465,-68.7211788556271,84.7129997253418,84.5834997177124,84.39239974975585,79.18620002746582,263406.6666666667
2018-10-03,88.18000030517578,86.12999725341797,86.66000366210938,87.62000274658203,207000.0,82.36559295654297,87.31000010172528,162.02263881560987,84.92150001525879,84.6397497177124,84.44679977416992,79.34400009155273,263843.3333333333
2018-10-04,88.58999633789062,86.47000122070312,87.5,88.04000091552734,256200.0,82.76039123535156,87.69999949137372,109.41673490525206,85.15950012207031,84.71349983215332,84.48599975585938,79.50530006408691,262316.6666666667
2018-10-05,89.2300033569336,87.3499984741211,88.19000244140625,88.73999786376953,199600.0,83.41841888427734,88.43999989827472,120.32412099287701,85.44249992370605,84.81774978637695,84.55719970703124,79.66270004272461,261178.33333333334
2018-10-08,89.44999694824219,88.27999877929688,88.41999816894531,89.08000183105469,198900.0,83.73802185058594,88.93666585286456,105.07876979466243,85.70849990844727,84.93624992370606,84.68199981689453,79.81040008544922,260631.66666666666
2018-10-09,89.94999694824219,88.45999908447266,88.81999969482422,88.61000061035156,245100.0,83.29622650146484,89.00666554768878,78.41443745384122,85.98549995422363,85.08225002288819,84.8263998413086,79.95780006408691,260475.0
2018-10-10,88.41000366210938,84.22000122070312,88.12000274658203,84.29000091552734,284400.0,79.23528289794922,85.64000193277995,-150.67116370289372,86.10499992370606,85.10225009918213,84.86539993286132,80.05270004272461,261775.0
2018-10-11,84.54000091552734,81.81999969482422,83.77999877929688,81.9000015258789,280000.0,76.98860931396484,82.75333404541016,-126.93333852039083,86.06800003051758,85.11075019836426,84.84479995727538,80.11380004882812,260520.0
2018-10-12,83.4800033569336,80.70999908447266,83.4800033569336,82.0,228900.0,77.08260345458984,82.06333414713542,-91.56120392793648,86.0095001220703,85.1060001373291,84.82459991455079,80.19980003356933,244980.0
2018-10-15,84.05999755859375,81.61000061035156,82.0199966430664,83.30999755859375,182400.0,78.31404113769531,82.99333190917969,-44.07961066623399,85.9625,85.11350002288819,84.81919982910156,80.30680000305176,231760.0
2018-10-16,85.44999694824219,82.06999969482422,83.48999786376953,85.27999877929688,142800.0,80.1659164428711,84.26666514078777,42.75009772718344,85.98349990844727,85.15149993896485,84.84419982910157,80.43290000915528,225968.33333333334
2018-10-17,85.72000122070312,83.02999877929688,85.38999938964844,84.2699966430664,183500.0,79.21648406982422,84.33999888102214,86.32899504670372,85.95249977111817,85.11249980926513,84.82219970703125,80.55069999694824,222048.33333333334
2018-10-18,84.44999694824219,82.11000061035156,83.61000061035156,82.45999908447266,294200.0,77.51502227783203,83.0066655476888,-28.140795101517824,85.79349975585937,85.02624969482422,84.7695997619629,80.65849998474121,218106.66666666666
2018-10-19,83.52999877929688,81.79000091552734,82.30000305175781,82.5999984741211,226600.0,77.64662170410156,82.63999938964844,-78.97472075180099,85.63899955749511,84.95924968719483,84.73019973754883,80.75029998779297,217536.66666666666
2018-10-22,85.06999969482422,82.94000244140625,83.08999633789062,83.83000183105469,333600.0,78.80286407470703,83.94666798909505,31.292704484574,85.51799964904785,84.91124973297119,84.71999984741211,80.86959999084473,216813.33333333334
2018-10-23,83.0,76.5,78.0,78.38999938964844,799700.0,73.68909454345703,79.29666646321614,-166.3686205576187,85.13399963378906,84.71149978637695,84.63239990234375,80.92559997558594,221401.66666666666
2018-10-24,78.41000366210938,73.0,78.41000366210938,73.37000274658203,753700.0,68.97013854980469,74.92666880289714,-133.19639188653895,84.4879997253418,84.40774993896484,84.43,80.92720001220704,229475.0
2018-10-25,73.58000183105469,72.0,73.58000183105469,72.75,413900.0,68.38731384277344,72.77666727701823,-101.74466652697531,83.79299964904786,84.09449996948243,84.25380004882813,80.92480003356934,230813.33333333334
2018-10-26,73.58000183105469,71.19999694824219,71.7699966430664,72.5,236200.0,68.15229797363281,72.42666625976562,-71.55854073495891,83.08849983215332,83.77899990081787,84.06,80.92960006713867,230511.66666666666
2018-10-29,74.63999938964844,72.08000183105469,73.62999725341797,73.02999877929688,301500.0,68.6505126953125,73.25,-41.5750256048782,82.40999984741211,83.49349994659424,83.86039993286133,80.9267000579834,231936.66666666666
2018-10-30,74.83000183105469,72.54000091552734,72.95999908447266,73.02999877929688,322700.0,68.6505126953125,73.46666717529297,9.803906500549026,81.75499992370605,83.23399982452392,83.64579986572265,80.93580001831054,233978.33333333334
2018-10-31,75.26000213623047,73.66999816894531,73.97000122070312,74.93000030517578,356300.0,70.43659210205078,74.62000020345052,148.68537078352594,81.12049980163575,83.02099990844727,83.42779983520508,80.9609999847412,235968.33333333334
2018-11-01,77.19999694824219,74.87000274658203,75.43000030517578,76.2699966430664,338200.0,71.69622039794922,76.1133321126302,128.05459167558476,80.5319995880127,82.8457498550415,83.23499969482423,80.99999992370606,237096.66666666666
2018-11-02,77.3499984741211,75.76000213623047,76.55000305175781,76.5199966430664,201600.0,71.93122863769531,76.54333241780598,95.04613910154978,79.92099952697754,82.6817497253418,83.05979965209961,81.05279991149902,238223.33333333334
2018-11-05,78.12999725341797,75.62999725341797,76.94000244140625,77.48999786376953,211000.0,72.84307098388672,77.08333079020183,83.11429023212204,79.34149932861328,82.52499961853027,82.894599609375,81.10859985351563,239663.33333333334
2018-11-06,78.33000183105469,76.26000213623047,77.13999938964844,78.29000091552734,194500.0,73.5950927734375,77.62666829427083,99.39647504843794,78.82549934387207,82.40549964904785,82.73279968261718,81.17489982604981,239151.66666666666
2018-11-07,80.11000061035156,77.5999984741211,78.41999816894531,79.69000244140625,247100.0,74.9111328125,79.13333384195964,141.46077731642842,78.59549942016602,82.35024967193604,82.61619979858398,81.25269981384277,240513.33333333334
2018-11-08,80.91000366210938,78.8499984741211,79.56999969482422,79.87000274658203,198200.0,75.08035278320312,79.87666829427083,104.65918646814323,78.49399948120117,82.28099975585937,82.50799987792969,81.33919982910156,240050.0
2018-11-09,80.0,77.23999786376953,79.20999908447266,78.70999908447266,169200.0,73.98989868164062,78.64999898274739,13.106856096166176,78.32949943542481,82.16949977874756,82.3797998046875,81.40549980163574,240191.66666666666
2018-11-12,79.23999786376953,76.43000030517578,79.0199966430664,76.52999877929688,208600.0,71.94062042236328,77.39999898274739,-92.5565308641131,77.99049949645996,81.97649974822998,82.2213998413086,81.4672998046875,242225.0
2018-11-13,80.16000366210938,75.88999938964844,77.12999725341797,78.83999633789062,236800.0,74.11209869384766,78.29666646321614,-37.45165539749039,77.66849937438965,81.82599964141846,82.12999969482422,81.55029975891114,244338.33333333334
2018-11-14,81.08999633789062,78.51000213623047,79.81999969482422,79.41999816894531,162500.0,74.6573257446289,79.67333221435547,74.82412855653816,77.42599945068359,81.68924961090087,82.04939971923828,81.65109977722167,240166.66666666666
2018-11-15,81.77999877929688,78.62000274658203,78.77999877929688,81.69999694824219,138600.0,76.80059051513672,80.6999994913737,117.75753232191772,77.38799934387207,81.59074954986572,82.01779968261718,81.7695997619629,237826.66666666666
2018-11-16,83.16000366210938,81.04000091552734,81.2699966430664,82.80999755859375,178500.0,77.84403228759766,82.33666737874348,120.45607458004288,77.3984992980957,81.51874942779541,82.01239959716797,81.9079997253418,237790.0
2018-11-19,83.33000183105469,79.81999969482422,82.51000213623047,80.44999694824219,191600.0,75.62554931640625,81.1999994913737,43.41189681186455,77.22949905395508,81.37374935150146,81.9461994934082,82.02169967651368,238715.0
2018-11-20,80.69999694824219,78.16999816894531,79.41999816894531,78.61000061035156,226900.0,73.89588928222656,79.15999857584636,-101.1971048248909,77.24049911499023,81.18724937438965,81.85699951171875,82.06549964904785,239616.66666666666
2018-11-21,80.91999816894531,78.2699966430664,79.19999694824219,79.7300033569336,206100.0,74.94873809814453,79.63999938964844,-66.76787932278079,77.55849914550781,81.0232494354248,81.81359954833984,82.1213996887207,240355.0
2018-11-23,81.01000213623047,78.44000244140625,78.44000244140625,79.41999816894531,89400.0,74.6573257446289,79.62333424886067,-46.54065203193282,77.89199905395508,80.84249935150146,81.74919952392578,82.16779968261719,239271.66666666666
2018-11-26,82.3499984741211,80.3499984741211,80.3499984741211,81.18000030517578,155100.0,76.31177520751953,81.29333241780598,86.99058036663517,78.32599906921386,80.70724945068359,81.70939956665039,82.21999969482422,239450.0
2018-11-27,81.63999938964844,80.2699966430664,80.5999984741211,81.16000366210938,183600.0,76.2929916381836,81.02333323160808,72.19842703401591,78.7324993133545,80.5712495803833,81.64759963989258,82.27839973449707,239355.0
2018-11-28,84.29000091552734,80.13999938964844,81.62000274658203,84.1500015258789,167500.0,79.10368347167969,82.86000061035156,130.8039866105335,79.28849945068359,80.52174968719483,81.63339965820313,82.34949974060059,238763.33333333334
2018-11-29,84.94999694824219,82.5199966430664,83.5999984741211,83.16000366210938,184100.0,78.17304992675781,83.54333241780598,101.90617088484062,79.69999961853027,80.41024971008301,81.59879974365235,82.42409980773925,238630.0
2018-11-30,84.33000183105469,82.37999725341797,82.68000030517578,83.51000213623047,245600.0,78.50206756591797,83.4066670735677,64.54444035866209,80.06199989318847,80.29699974060058,81.55619979858399,82.5013998413086,239658.33333333334
2018-12-03,85.05999755859375,81.95999908447266,84.62999725341797,83.9000015258789,185500.0,78.86866760253906,83.63999938964844,65.1742864129357,80.43100013732911,80.17599983215332,81.52039978027344,82.58369987487794,240056.66666666666
2018-12-04,83.7699966430664,78.86000061035156,83.7699966430664,79.0199966430664,267000.0,74.28131103515625,80.5499979654948,-166.66666666666882,80.50750007629395,79.92449970245362,81.37579971313477,82.60529983520507,241791.66666666666
2018-12-06,78.94000244140625,76.11000061035156,77.63999938964844,78.79000091552734,183400.0,74.06510162353516,77.94666798909505,-125.5567987983046,80.53250007629394,79.678999710083,81.23019973754883,82.62319984436036,241920.0
2018-12-07,79.68000030517578,76.72000122070312,79.05999755859375,77.2699966430664,133400.0,72.63626098632812,77.88999938964844,-82.15824827440734,80.41149978637695,79.50349960327148,81.04979965209961,82.62609977722168,240043.33333333334
2018-12-10,77.19999694824219,74.38999938964844,77.0,76.70999908447266,142800.0,72.10983276367188,76.0999984741211,-90.7577783240789,80.25349960327148,79.37374954223633,80.85099960327149,82.62029975891113,238845.0
2018-12-11,78.91000366210938,75.69999694824219,78.05000305175781,77.02999877929688,144200.0,72.41064453125,77.21333312988281,-46.28446614755949,80.1694995880127,79.24949951171875,80.65979965209961,82.54909973144531,235881.66666666666
2018-12-12,78.80000305175781,77.44000244140625,78.36000061035156,77.91000366210938,201500.0,73.2378921508789,78.05000305175781,64.89379304851435,80.23849983215332,79.11449966430663,80.48599975585938,82.44539978027343,236430.0
2018-12-13,77.86000061035156,75.0,77.86000061035156,75.1500015258789,222100.0,71.04461669921875,76.00333404541016,-87.36235808420427,80.05400009155274,78.86124973297119,80.2663998413086,82.32939979553223,236635.0
2018-12-14,75.31999969482422,73.20999908447266,74.19999694824219,73.68000030517578,202500.0,69.65491485595703,74.06999969482422,-137.44930609076226,79.76700019836426,78.59649982452393,79.98759979248047,82.2171997833252,237538.33333333334
2018-12-17,74.81999969482422,71.80999755859375,73.87000274658203,72.1500015258789,229300.0,68.20850372314453,72.92666625976562,-105.44637959237714,79.2895004272461,78.33874988555908,79.6697998046875,82.07789978027344,237855.0
2018-12-18,73.95999908447266,71.9000015258789,73.0,72.36000061035156,178100.0,68.40702819824219,72.74000040690105,-74.1257429529131,78.76700057983399,78.08274993896484,79.34219985961914,81.9496997833252,234150.0
2018-12-19,74.0199966430664,70.31999969482422,72.55000305175781,70.6500015258789,264700.0,66.79045867919922,71.66333262125652,-97.3293527992933,78.27700080871583,77.75324993133545,78.97359985351562,81.82779983520508,234850.0
2018-12-20,71.4800033569336,68.91999816894531,70.16000366210939,69.69000244140625,275700.0,65.88288879394531,70.03000132242839,-130.61597506199638,77.83100090026855,77.53575000762939,78.59519989013671,81.71079986572266,237141.66666666666
2018-12-21,70.69000244140625,68.66999816894531,69.91000366210939,69.11000061035156,860600.0,65.33457946777344,69.49000040690105,-97.30851804610805,77.30000076293945,77.42924995422364,78.2915998840332,81.57849990844727,247855.0
2018-12-24,69.61000061035156,67.47000122070311,68.69999694824219,68.44000244140625,117400.0,64.701171875,68.50666809082031,-96.1401453316053,76.7510009765625,77.32150001525879,78.02239990234375,81.43359992980957,245758.33333333334
2018-12-26,71.94999694824219,68.61000061035156,68.61000061035156,71.79000091552734,530900.0,67.8681640625,70.78333282470703,50.846602167503384,76.28150100708008,77.30375003814697,77.8181999206543,81.32139991760253,251820.0
2018-12-27,72.75,69.66000366210939,70.41999816894531,72.2300033569336,375400.0,68.28413391113281,71.54666900634766,112.41502483137964,75.83500099182129,77.28375015258788,77.5966000366211,81.20789993286132,254550.0
2018-12-28,72.98999786376953,70.75,72.47000122070312,71.16999816894531,212300.0,67.28204345703125,71.63666534423828,74.34847053358759,75.18600082397461,77.2372501373291,77.31440002441406,81.07929992675781,255145.0
2018-12-31,72.12999725341797,70.01000213623047,71.69000244140625,70.80999755859375,370200.0,66.94171142578125,70.98333231608073,22.27639346340808,74.56850051879883,77.13425006866456,77.04520004272462,80.93369987487793,257865.0
2019-01-02,71.63999938964844,67.63999938964844,69.38999938964844,70.7300033569336,344800.0,66.86608123779297,70.00333404541016,-136.90126084497845,73.92950057983398,76.99575023651123,76.81060012817383,80.79009994506836,259341.66666666666
2019-01-03,70.4800033569336,67.58999633789061,70.37000274658203,67.98999786376953,251800.0,64.2757568359375,68.68666585286458,-128.06927243975042,73.13400039672851,76.78250026702881,76.5184001159668,80.62429992675781,260211.66666666666
2019-01-04,71.83000183105469,69.25,69.25,71.12000274658203,283300.0,67.23475646972656,70.73333485921223,25.4362594810528,72.7390007019043,76.62325038909913,76.26420013427735,80.49209999084472,261618.33333333334
2019-01-07,71.16000366210938,70.05999755859375,71.12000274658203,70.33999633789061,215100.0,66.49736785888672,70.51999918619792,33.18781697724203,72.31650047302246,76.4245002746582,76.10320007324219,80.36779998779296,261118.33333333334
2019-01-08,72.13999938964844,70.29000091552734,71.30000305175781,71.91000366210938,236700.0,67.98162841796875,71.44666798909505,104.38255221798569,72.0485008239746,76.23000030517578,76.07400009155273,80.25200004577637,260323.33333333334
2019-01-09,73.45999908447266,69.94000244140625,72.30999755859375,71.81999969482422,451400.0,67.89653015136719,71.74000040690105,90.88922907865823,71.80400085449219,76.02875022888183,76.05540008544922,80.15460006713867,263180.0
2019-01-10,73.08000183105469,71.4000015258789,71.47000122070312,72.45999908447266,191500.0,68.50156402587889,72.31333414713542,110.80414792541895,71.57550086975098,75.87250022888183,76.05460006713867,80.05730003356933,262556.6666666667
2019-01-11,72.8499984741211,71.70999908447266,71.86000061035156,72.18000030517578,180800.0,68.23685455322266,72.24666595458984,73.79757000602181,71.2890007019043,75.76375026702881,76.03760009765625,79.94900001525879,262530.0
2019-01-14,72.80999755859375,70.93000030517578,71.69000244140625,71.5,185500.0,67.59401702880861,71.74666595458984,-33.21700279812168,71.10650062561035,75.58025035858154,76.00700012207031,79.82639999389649,263241.6666666667
2019-01-15,71.81999969482422,70.51000213623047,71.58000183105469,70.98999786376953,163400.0,67.11186981201172,71.1066665649414,-134.2729711409421,70.97200050354004,75.36950035095215,75.92820007324218,79.67799995422364,262906.6666666667
2019-01-16,71.9000015258789,70.83999633789062,70.83999633789062,71.12999725341797,203400.0,67.24422454833984,71.28999837239583,-69.2482324311149,70.92100028991699,75.10525035858154,75.82540008544922,79.53019989013671,261393.33333333334
2019-01-17,72.75,70.86000061035156,70.86000061035156,72.4000015258789,430500.0,68.44484710693361,72.00333404541016,56.3267891427914,70.92300033569336,74.84500045776367,75.74300018310547,79.40139991760253,264791.6666666667
2019-01-18,74.2300033569336,72.69999694824219,72.69999694824219,73.44000244140625,355500.0,69.42803955078125,73.45666758219402,158.15478015973974,71.06250038146973,74.66975059509278,75.6620002746582,79.2782999420166,265156.6666666667
2019-01-22,75.91000366210938,69.61000061035156,75.13999938964844,71.79000091552734,699600.0,67.8681640625,72.4366683959961,35.473064888152955,71.16750030517578,74.49925060272217,75.5320002746582,79.1323999786377,263488.3333333333
2019-01-23,72.05999755859375,70.77999877929688,71.33999633789062,71.5199966430664,449600.0,67.6129150390625,71.45333099365234,-68.67545743669318,71.28800010681152,74.29400043487549,75.36860015869141,78.99239997863769,258420.0
2019-01-24,72.0999984741211,70.94999694824219,71.48999786376953,72.04000091552734,219400.0,68.10451507568361,71.69666544596355,-57.94155729037305,71.46800003051757,74.10950050354003,75.21200012207031,78.86,255178.33333333334
2019-01-25,74.66000366210938,72.4000015258789,72.88999938964844,74.23999786376953,359700.0,70.18434143066406,73.76666768391927,95.6388200881812,71.59049987792969,73.93600044250488,75.12260009765625,78.75119995117187,257236.66666666666
2019-01-28,76.06999969482422,72.51000213623047,73.12999725341797,75.05999755859375,404700.0,70.95953369140625,74.54666646321614,106.94103410454694,71.7319995880127,73.78350028991699,75.09320007324219,78.65729995727538,258956.66666666666
2019-01-29,77.66999816894531,74.80000305175781,75.22000122070312,76.41000366210938,459700.0,72.23577880859375,76.2933349609375,115.61813509983978,71.9939998626709,73.59000034332276,75.04460021972656,78.58729995727539,261240.0
2019-01-30,77.68000030517578,75.52999877929688,76.5999984741211,77.08999633789062,201700.0,72.87863159179688,76.76666514078777,93.62669955216765,72.30799980163575,73.43825016021728,74.99800018310548,78.52369995117188,258663.33333333334
2019-01-31,77.2699966430664,75.41999816894531,77.16000366210938,75.68000030517578,188200.0,71.54566192626953,76.12333170572917,38.728821381807606,72.55549964904785,73.24250011444092,74.87760025024414,78.44769996643066,256163.33333333334
2019-02-01,75.88999938964844,74.62000274658203,75.58000183105469,75.37999725341797,182600.0,71.26204681396484,75.29666646321614,-47.96931242574129,72.92499961853028,73.0295000076294,74.72900024414062,78.3706999206543,255846.66666666666
2019-02-04,76.13999938964844,74.66000366210938,75.20999908447266,75.72000122070312,161300.0,71.58348083496094,75.50666809082031,-68.64377931115928,73.15499954223633,72.9470001220703,74.63440032958984,78.29029991149902,255018.33333333334
2019-02-05,76.27999877929688,75.33000183105469,75.48999786376953,75.69999694824219,154200.0,71.56456756591797,75.76999918619792,-18.50741691795448,73.42299957275391,72.86975002288818,74.57620025634766,78.2165998840332,254346.66666666666
2019-02-06,76.0,74.56999969482422,75.47000122070312,74.61000061035156,116300.0,70.53410339355469,75.06000010172527,-103.5696135759902,73.55799942016601,72.80325012207031,74.47380020141601,78.14369987487792,252166.66666666666
2019-02-07,74.47000122070312,72.83000183105469,74.05999755859375,73.83000183105469,201100.0,69.79673004150389,73.71000162760417,-165.610231058097,73.65849952697754,72.73125019073487,74.3620002746582,78.05559989929199,252215.0
2019-02-08,74.18000030517578,72.5199966430664,73.25,72.87999725341797,205900.0,68.89861297607422,73.19333140055339,-101.32825274003409,73.6794994354248,72.62750015258788,74.19600021362305,77.95269989013671,252826.66666666666
2019-02-11,73.55000305175781,72.69000244140625,73.08000183105469,73.47000122070312,147700.0,69.45639038085939,73.23666890462239,-65.33796137673846,73.74399948120117,72.51650009155273,74.04220016479492,77.84489990234376,251811.66666666666
2019-02-12,74.83000183105469,73.58000183105469,73.97000122070312,74.44000244140625,211900.0,70.37339782714844,74.28333536783855,41.577178546911156,73.89099960327148,72.49875011444092,73.84800018310547,77.7406999206543,251396.66666666666
2019-02-13,75.47000122070312,74.16999816894531,74.5,75.0199966430664,130800.0,70.92171478271484,74.88666534423828,118.1033956148568,74.09249954223633,72.53225002288818,73.6852000427246,77.64199989318848,250868.33333333334
2019-02-14,76.55999755859375,74.26000213623047,74.31999969482422,76.31999969482422,256200.0,72.15068817138672,75.71333312988281,115.38866420379928,74.35199966430665,72.63649997711181,73.54139999389649,77.54879989624024,252828.33333333334
2019-02-15,77.94999694824219,76.05000305175781,76.83000183105469,77.66999816894531,290200.0,73.42694854736328,77.22333272298177,128.28452686157567,74.61549949645996,72.76924991607666,73.41679992675782,77.46859985351563,254690.0
2019-02-19,78.47000122070312,77.12000274658203,77.12000274658203,78.08000183105469,248600.0,73.81455993652344,77.89000193277995,101.17015598722915,74.84749946594238,72.95499992370605,73.39800003051758,77.38689987182617,255640.0
2019-02-20,79.37999725341797,77.80000305175781,78.1500015258789,79.0999984741211,203300.0,74.7788314819336,78.75999959309895,97.47764939682034,75.21299934387207,73.19024982452393,73.40419998168946,77.31719985961914,255246.66666666666
2019-02-21,79.16999816894531,76.45999908447266,78.97000122070312,77.05000305175781,234200.0,72.84082794189453,77.56000010172527,11.330777677331504,75.48949966430663,73.38874988555908,73.39980010986328,77.22479988098145,255715.0
2019-02-22,77.91000366210938,76.91999816894531,77.5,77.5999984741211,197200.0,73.36076354980469,77.47666676839192,-46.858985917565775,75.76749954223632,73.61774978637695,73.41760009765625,77.13429985046386,257511.66666666666
2019-02-25,79.38999938964844,77.77999877929688,77.9000015258789,78.55000305175781,218300.0,74.25887298583984,78.57333374023438,70.67972822124476,75.98299980163574,73.78674983978271,73.44800018310546,77.05389991760254,258565.0
2019-02-26,78.83000183105469,77.80999755859375,78.12000274658203,78.2300033569336,297600.0,73.95635986328125,78.29000091552734,21.455820247463254,76.14150009155273,73.93674983978272,73.45440017700196,76.97019996643067,260465.0
2019-02-27,78.69000244140625,77.4000015258789,77.88999938964844,78.52999877929688,164700.0,74.23995971679688,78.20666758219402,30.70470810973012,76.24749984741212,74.12074985504151,73.52200012207031,76.89419998168945,260418.33333333334
2019-02-28,79.88999938964844,78.12000274658203,78.37000274658203,79.5,306500.0,75.15696716308594,79.17000071207683,130.38909274054774,76.36800003051758,74.33799991607665,73.6384001159668,76.81299995422363,262458.3333333333
2019-03-01,79.87999725341797,77.52999877929688,79.44999694824219,77.61000061035156,313100.0,73.79722595214844,78.33999888102214,-41.23743897501731,76.46450004577636,74.5099998474121,73.74760009765625,76.70869995117188,263583.3333333333
2019-03-04,78.80999755859375,77.18000030517578,77.62000274658203,77.4800033569336,150100.0,73.67362213134766,77.82333374023438,-112.49303327769009,76.56950035095215,74.74724998474122,73.8500001525879,76.59610000610351,262993.3333333333
2019-03-05,77.58000183105469,76.6500015258789,77.37999725341797,76.68000030517578,113100.0,72.91291046142578,76.97000122070312,-133.7428907056233,76.61750030517578,74.88624992370606,73.97060012817383,76.47209999084473,260428.33333333334
2019-03-06,76.66999816894531,75.16000366210938,76.5999984741211,75.4000015258789,275000.0,71.69580078125,75.7433344523112,-124.13520453238243,76.60250053405761,75.01275005340577,74.08480010986328,76.34,261955.0
2019-03-07,75.75,74.19000244140625,75.37999725341797,75.44000244140625,205000.0,71.73383331298828,75.12666829427083,-102.14790753921528,76.64400062561035,75.10100002288819,74.21140014648438,76.25150001525878,263148.3333333333
2019-03-08,75.47000122070312,74.58999633789062,74.88999938964844,75.19999694824219,152500.0,71.50563049316406,75.08666483561198,-71.07857036877351,76.71250038146972,75.18549995422363,74.3466000366211,76.18449996948242,263310.0
2019-03-11,76.05999755859375,74.80999755859375,75.20999908447266,76.0,155900.0,72.26632690429688,75.62333170572917,-11.168589284026185,76.86850051879883,75.27399997711181,74.43080001831055,76.12449996948243,263505.0
2019-03-12,76.33000183105469,75.41000366210938,76.04000091552734,76.01000213623047,143700.0,72.27583312988281,75.91666920979817,88.56855112917914,76.9955005645752,75.36975002288818,74.50639999389648,76.0515000152588,262541.6666666667
2019-03-13,77.2699966430664,76.26000213623047,76.31999969482422,76.62000274658203,216100.0,72.85586547851562,76.71666717529297,136.86627757378892,77.10450057983398,75.49775009155273,74.61540008544922,75.96490005493165,262441.6666666667
2019-03-14,76.58000183105469,75.16999816894531,76.43000030517578,75.33999633789062,197000.0,71.63874053955078,75.69666544596355,-18.239486122657485,77.1205005645752,75.60650005340577,74.70600006103516,75.87560005187989,262350.0
2019-03-15,76.4000015258789,74.95999908447266,75.76000213623047,75.30000305175781,516900.0,71.60071563720703,75.55333455403645,-69.82303857997478,77.06950073242187,75.71075019836425,74.79740005493164,75.80400009155274,267143.3333333333
2019-03-18,76.9000015258789,75.37999725341797,75.5,76.69999694824219,152900.0,72.93193817138672,76.32666524251302,49.45541727659853,77.02100067138672,75.81825008392335,74.9716000366211,75.74500007629395,266723.3333333333
2019-03-19,77.5199966430664,76.44000244140625,77.13999938964844,76.55000305175781,202900.0,72.789306640625,76.83666737874348,84.67380210457551,76.94450073242187,75.89600009918213,75.08020004272461,75.67220008850097,265693.3333333333
2019-03-20,77.41000366210938,75.29000091552734,76.25,76.29000091552734,217000.0,72.54208374023438,76.33000183105469,28.85659820125317,76.80400085449219,76.00850009918213,75.19920013427735,75.65120010375976,264715.0
2019-03-21,78.30000305175781,76.11000061035156,76.1500015258789,77.8499984741211,222100.0,74.02543640136719,77.42000071207683,121.6097926433663,76.84400062561035,76.1667501449585,75.31800003051758,75.69600006103515,254073.33333333334
2019-03-22,76.93000030517578,72.13999938964844,76.93000030517578,72.19999694824219,392100.0,68.65299987792969,73.7566655476888,-166.66666666666814,76.57400054931641,76.17075004577637,75.32559997558593,75.69050003051758,258651.66666666666
2019-03-25,73.18000030517578,71.55000305175781,72.02999877929688,71.94999694824219,447000.0,68.41527557373047,72.22666676839192,-110.7841398017265,76.24400024414062,76.11350002288819,75.31539993286133,75.685,257253.33333333334
2019-03-26,74.44000244140625,72.6500015258789,72.6500015258789,74.31999969482422,273800.0,70.66886138916016,73.80333455403645,-34.75315344487155,76.04850006103516,76.09500007629394,75.3581999206543,75.69790000915528,255560.0
2019-03-27,75.47000122070312,73.87999725341797,74.12999725341797,75.13999938964844,313100.0,71.44857788085938,74.82999928792317,20.505818159922036,75.87900009155274,76.06324996948243,75.43099990844726,75.71900001525879,257240.0
2019-03-28,75.9000015258789,74.4000015258789,75.05000305175781,75.33000183105469,198000.0,71.62924194335938,75.21000162760417,98.34606466159435,75.67050018310547,76.01925010681153,75.51779998779297,75.72300003051758,254370.0
2019-03-29,76.72000122070312,75.30999755859375,76.08999633789062,76.37000274658203,307100.0,72.6181411743164,76.13333384195964,98.94007241235927,75.60850028991699,76.03650016784668,75.62260009765625,75.72400009155274,253741.66666666666
2019-04-01,78.19999694824219,76.30000305175781,77.05000305175781,77.33000183105469,177900.0,73.53099060058594,77.27666727701823,121.31278850571829,75.60100021362305,76.0852502822876,75.72120010375977,75.73210014343262,252510.0
2019-04-02,77.62000274658203,76.2699966430664,77.1500015258789,76.94999694824219,174500.0,73.1696548461914,76.94666544596355,68.22940461017221,75.61450004577637,76.11600017547607,75.79139999389649,75.72670013427734,250696.66666666666
2019-04-03,78.06999969482422,76.94999694824219,77.5999984741211,77.23999786376953,102600.0,73.44540405273438,77.41999816894531,74.06066800096073,75.7064998626709,76.15450019836426,75.90039993286133,75.71620010375976,248821.66666666666
2019-04-04,78.58999633789062,76.83999633789062,77.38999938964844,78.02999877929688,128400.0,74.19660186767578,77.8199971516927,100.78617670509009,75.83599967956543,76.2400001525879,76.03059997558594,75.69960006713868,247016.66666666666
2019-04-05,79.6500015258789,78.02999877929688,78.5,78.41999816894531,187000.0,74.56742858886719,78.6999994913737,141.78199615448602,75.99699974060059,76.35475006103516,76.1581999206543,75.6851000213623,242610.0
2019-04-08,78.26000213623047,77.2699966430664,78.01000213623047,77.47000122070312,117700.0,73.66411590576172,77.66666666666667,-6.674567663479572,76.07049980163575,76.46950016021728,76.22279998779297,75.67270004272461,241380.0
2019-04-09,77.30999755859375,75.75,77.30999755859375,75.94000244140625,140100.0,72.20927429199219,76.33333333333333,-146.9852207567277,76.06699981689454,76.53125019073487,76.24040008544922,75.6668000793457,240701.66666666666
2019-04-10,77.02999877929688,75.38999938964844,75.9800033569336,76.75,148100.0,72.97947692871094,76.38999938964844,-81.01929856395078,76.07349967956543,76.58900012969971,76.24720001220703,75.6459001159668,240078.33333333334
2019-04-11,77.95999908447266,76.33000183105469,77.0199966430664,77.33999633789062,149300.0,73.54048919677734,77.20999908447266,-4.512680538210724,76.17349967956542,76.64700012207031,76.25220001220703,75.62510009765624,239843.33333333334
2019-04-12,80.04000091552734,77.6500015258789,77.91999816894531,79.38999938964844,190600.0,75.48979187011719,79.02666727701823,138.81636042862363,76.37799949645996,76.72375011444092,76.32639999389649,75.60200012207031,239630.0
2019-04-15,80.0,76.68000030517578,79.33000183105469,77.18000030517578,227700.0,73.38834381103516,77.95333353678386,42.94602118009287,76.40199966430664,76.71150016784668,76.36240005493164,75.54570014953613,236250.0
2019-04-16,78.13999938964844,76.58000183105469,77.58000183105469,78.12000274658203,156000.0,74.28218841552734,77.61333465576172,-2.4796519674955704,76.48049964904786,76.71250019073486,76.41040008544923,75.52240020751952,232925.0
2019-04-17,78.83999633789062,77.01000213623047,78.36000061035156,77.4000015258789,127900.0,73.5975570678711,77.75,-23.110884014512376,76.53599967956544,76.67000026702881,76.44440017700195,75.5103002166748,223396.66666666666
2019-04-18,78.75,77.2300033569336,77.45999908447266,78.26000213623047,157500.0,74.41529846191406,78.08000183105469,-0.8254830106077008,76.5564998626709,76.70025024414062,76.51740020751953,75.49560020446778,218528.33333333334
2019-04-22,78.33000183105469,76.55999755859375,78.0,77.2300033569336,130500.0,73.43590545654297,77.37333424886067,-120.76978735820148,76.80800018310546,76.69100036621094,76.58540023803711,75.47370025634766,217046.66666666666
2019-04-23,78.54000091552734,76.87000274658203,77.0999984741211,78.11000061035156,253800.0,74.27267456054688,77.84000142415364,38.0486699848356,77.11600036621094,76.68000030517578,76.69000030517579,75.44300025939941,215281.66666666666
2019-04-24,82.2699966430664,76.08000183105469,78.19000244140625,78.58999633789062,231600.0,74.72908020019531,78.97999827067058,154.71635911047218,77.32950019836426,76.6890001296997,76.79240020751953,75.41730018615722,212396.66666666666
2019-04-25,78.23999786376953,75.22000122070312,78.23999786376953,75.41999816894531,228100.0,71.71481323242188,76.29333241780598,-134.46976593372742,77.3435001373291,76.61125011444092,76.81200012207032,75.33000015258789,208536.66666666666
2019-04-26,77.41999816894531,75.05000305175781,75.33999633789062,77.41999816894531,163700.0,73.61656951904297,76.62999979654948,-67.00451655024703,77.44799995422363,76.55925006866455,76.86000015258789,75.27260009765625,207903.33333333334
2019-04-29,77.80999755859375,76.52999877929688,77.11000061035156,77.5999984741211,197900.0,73.78773498535156,77.3133316040039,-8.177657853399104,77.50949974060059,76.55900001525879,76.88560012817383,75.21350006103516,208065.0
2019-04-30,77.9800033569336,76.4000015258789,77.66000366210938,77.12999725341797,217900.0,73.3407974243164,77.17000071207683,-10.288723754184609,77.49949951171875,76.5502498626709,76.87480010986329,75.14580001831055,208653.33333333334
2019-05-01,78.02999877929688,76.44999694824219,77.26000213623047,76.98999786376953,145800.0,73.20769500732422,77.1566645304362,45.084788962230604,77.50149955749512,76.55799980163575,76.85300003051758,75.12550003051757,208395.0
2019-05-02,76.87999725341797,75.33999633789062,76.76000213623047,76.56999969482422,158700.0,72.80831909179688,76.26333109537761,-116.54607065997996,77.46799964904785,76.58724975585938,76.80240005493164,75.10330001831055,208470.0
2019-05-03,78.97000122070312,77.2699966430664,77.2699966430664,78.27999877929688,184900.0,74.43431854248047,78.17333221435547,151.1995588051065,77.48049964904786,76.65824966430664,76.82699996948242,75.11340003967285,209613.33333333334
2019-05-06,78.80999755859375,76.47000122070312,76.63999938964844,77.41999816894531,464000.0,73.61656951904297,77.56666564941406,41.48272123450769,77.43049964904785,76.71374969482422,76.8233999633789,75.12050003051758,213995.0
2019-05-07,77.37000274658203,73.95999908447266,76.30000305175781,75.37000274658203,238400.0,71.66728210449219,75.56666819254558,-111.50638963218199,77.3254997253418,76.69799976348877,76.75979995727539,75.10390007019043,214536.66666666666
2019-05-08,75.88999938964844,74.8499984741211,75.58000183105469,75.08000183105469,127100.0,71.39153289794922,75.27333323160808,-82.94911122928123,77.28249969482422,76.67474975585938,76.69679992675782,75.07560005187989,214193.33333333334
2019-05-09,76.0,73.51000213623047,74.31999969482422,75.63999938964844,175400.0,71.92401123046875,75.0500005086263,-68.8687553850131,77.22699966430665,76.65024967193604,76.63899993896484,75.08050003051758,213585.0
2019-05-10,76.5199966430664,74.30999755859375,75.30000305175781,76.19999694824219,139800.0,72.45649719238281,75.67666371663411,-14.368064726913127,77.16999969482421,76.67174968719482,76.57299987792969,75.10569999694825,213735.0
2019-05-13,75.61000061035156,74.31999969482422,74.66000366210938,75.45999908447266,206400.0,71.75284576416016,75.12999979654948,-61.7867885450311,76.97349967956544,76.67574958801269,76.52999984741211,75.13879997253417,212905.0
2019-05-14,76.97000122070312,75.26000213623047,75.41000366210938,76.6500015258789,149500.0,72.88439178466797,76.2933349609375,134.6884119002342,76.94699974060059,76.67449970245362,76.51339981079101,75.18169998168945,210560.0
2019-05-15,77.7699966430664,75.72000122070312,75.83000183105469,77.37000274658203,112000.0,73.56902313232422,76.95333353678386,117.5940107221121,76.90949974060058,76.69499969482422,76.52719985961915,75.24889999389649,208283.33333333334
2019-05-16,78.62999725341797,77.16000366210938,77.69999694824219,77.48999786376953,194800.0,73.6831283569336,77.75999959309895,117.14729452491413,76.91399955749512,76.72499961853028,76.56899978637695,75.32689994812011,208141.66666666666
2019-05-17,77.45999908447266,76.05000305175781,76.55999755859375,77.0,274300.0,73.21719360351562,76.83666737874348,22.838846237734533,76.85099945068359,76.70374965667725,76.60019973754883,75.4057999420166,208810.0
2019-05-20,77.30000305175781,75.58000183105469,76.27999877929688,75.7699966430664,178200.0,72.04762268066406,76.21666717529297,-89.0685113595643,76.77799911499024,76.79299964904786,76.61159973144531,75.4790998840332,208493.33333333334
2019-05-21,76.76000213623047,75.72000122070312,76.2699966430664,76.62999725341797,107900.0,72.86536407470703,76.37000020345052,-71.36914323596305,76.70399894714356,76.90999965667724,76.62419967651367,75.52749984741212,206653.33333333334
2019-05-22,76.73999786376953,74.83999633789062,76.58999633789062,75.12000274658203,162600.0,71.4295654296875,75.56666564941406,-109.50268931854714,76.53049926757812,76.9299997329712,76.6063996887207,75.55639984130859,204403.33333333334
2019-05-23,74.54000091552734,73.19000244140625,74.16000366210938,73.45999908447266,190400.0,69.85111236572266,73.73000081380208,-153.1790990709971,76.4324993133545,76.8879997253418,76.54319961547851,75.57929985046387,204831.66666666666
2019-05-24,74.11000061035156,72.77999877929688,74.11000061035156,73.27999877929688,183200.0,69.67995452880861,73.38999938964844,-92.81151832223286,76.22549934387207,76.83674964904785,76.50199966430664,75.6039998626709,202776.66666666666
2019-05-28,74.1500015258789,73.12999725341797,73.41000366210938,73.37000274658203,246500.0,69.76553344726561,73.5500005086263,-55.939476148749215,76.01399955749511,76.76174964904786,76.46339965820313,75.63039985656738,201666.66666666666
2019-05-29,73.47000122070312,72.12999725341797,72.9000015258789,72.5,202300.0,68.93827056884766,72.6999994913737,-101.84846397260723,75.78249969482422,76.64099960327148,76.37939971923828,75.67549987792968,202536.66666666666
2019-05-30,73.52999877929688,71.77999877929688,72.62000274658203,72.16000366210938,188800.0,68.614990234375,72.49000040690105,-98.4979073897903,75.5409999847412,76.52124977111816,76.29159973144532,75.68589988708496,203798.33333333334
2019-05-31,71.06999969482422,69.70999908447266,71.06999969482422,69.81999969482422,253100.0,66.38993072509766,70.1999994913737,-166.66666666667086,75.20349998474121,76.33574981689453,76.16219970703125,75.68069992065429,203433.33333333334
2019-06-03,71.06999969482422,69.5,70.08999633789061,70.83999633789062,329100.0,67.35982513427734,70.46999867757161,-76.06121859184805,74.8314998626709,76.15599975585937,76.02199966430663,75.66999984741211,205501.66666666666
2019-06-04,73.91000366210938,71.62000274658203,71.75,73.6500015258789,242200.0,70.03176879882811,73.06000264485677,73.38403328779152,74.64300003051758,76.03674983978271,76.05099975585938,75.68829986572266,206996.66666666666
2019-06-05,73.86000061035156,72.05999755859375,73.83000183105469,73.37000274658203,197800.0,69.76553344726561,73.09666697184245,67.2482196429642,74.54300003051758,75.93424987792969,76.07939987182617,75.69739990234375,207695.0
2019-06-06,73.97000122070312,72.3499984741211,73.20999908447266,73.5999984741211,223100.0,69.98423004150389,73.30666605631511,63.05411419801008,74.4689998626709,75.87574977874756,76.06499984741211,75.7115998840332,209018.33333333334
2019-06-07,74.76000213623047,73.26000213623047,73.88999938964844,74.37000274658203,213400.0,70.7164077758789,74.13000233968098,93.7203955933927,74.40550003051757,75.81624984741211,76.04959991455078,75.74029991149902,208973.33333333334
2019-06-10,75.83999633789062,74.58999633789062,74.58999633789062,75.2300033569336,160700.0,71.5341567993164,75.21999867757161,133.11395684201662,74.35700035095215,75.76350002288818,76.04759994506836,75.78269996643067,208368.33333333334
2019-06-11,76.3499984741211,75.13999938964844,75.87999725341797,75.31999969482422,248400.0,71.6197280883789,75.60333251953125,97.33999053070823,74.35000038146973,75.66175003051758,76.0265998840332,75.82459999084473,203893.33333333334
2019-06-12,75.3499984741211,74.44000244140625,75.2699966430664,74.87000274658203,256800.0,71.19184112548828,74.8866678873698,23.539570942767096,74.26100044250488,75.60400009155273,75.97739990234375,75.84930000305175,205625.0
2019-06-13,75.41999816894531,74.19999694824219,74.86000061035156,74.80000305175781,335400.0,71.56497955322266,74.80666605631511,-21.19346109482798,74.13250045776367,75.52100009918213,75.93440002441406,75.86290000915527,207833.33333333334
2019-06-14,74.75,73.2300033569336,74.75,74.01000213623047,302100.0,70.80914306640625,73.99666849772136,-148.33009820307427,73.95850067138672,75.43625011444092,75.86980010986328,75.8851000213623,209251.66666666666
2019-06-17,74.51000213623047,72.58000183105469,74.08000183105469,72.7300033569336,369700.0,69.58449554443361,73.27333577473958,-117.64708153263322,73.7450008392334,75.2980001449585,75.76380020141602,75.89720008850098,211711.66666666666
2019-06-18,75.54000091552734,73.05999755859375,73.4000015258789,75.48999786376953,239300.0,72.22511291503906,74.69666544596355,43.599407939300505,73.73100090026855,75.25450000762939,75.7052001953125,75.93170005798339,209165.0
2019-06-19,76.58000183105469,75.5199966430664,75.5199966430664,76.01000213623047,288500.0,72.72265625,76.03666687011719,132.56642376563357,73.70000114440919,75.20200004577637,75.67600021362304,75.949400100708,206523.33333333334
2019-06-20,77.61000061035156,76.22000122070312,76.97000122070312,77.5,293000.0,74.148193359375,77.11000061035156,112.17399309571131,73.81900100708008,75.1747501373291,75.70720016479493,75.97380012512207,206843.33333333334
2019-06-21,78.9800033569336,77.05000305175781,77.06999969482422,77.44999694824219,423100.0,74.10034942626953,77.82666778564453,94.16006585164084,74.01850090026855,75.22550010681152,75.72120010375977,75.9842000579834,208676.66666666666
2019-06-24,77.61000061035156,75.4000015258789,77.56999969482422,75.4000015258789,242700.0,72.13902282714844,76.1366678873698,-16.912506435362857,74.12450103759765,75.17500019073486,75.68240020751954,75.96730010986329,209421.66666666666
2019-06-25,76.0999984741211,74.73999786376953,75.69000244140625,75.69000244140625,311700.0,72.41647338867188,75.50999959309895,-89.4811699262848,74.24050102233886,75.12725028991699,75.60840026855469,75.96740013122559,209498.33333333334
2019-06-26,76.98999786376953,75.80000305175781,76.0199966430664,76.33000183105469,185800.0,73.02880096435547,76.37333424886067,-20.714531852695348,74.4320011138916,75.10725040435791,75.59140029907226,75.97690017700195,209630.0
2019-06-27,77.80000305175781,76.5999984741211,76.5999984741211,77.73999786376953,155600.0,74.37781524658203,77.37999979654948,63.90622728358826,74.71100082397462,75.12600040435791,75.58380020141601,75.99710014343262,209315.0
2019-06-28,79.55999755859375,77.79000091552734,77.79000091552734,79.29000091552734,395100.0,75.86077880859375,78.87999979654948,132.39143612458807,75.18450088500977,75.19400043487549,75.62160018920899,76.03300018310547,214190.0
2019-07-01,80.23999786376953,78.36000061035156,80.23999786376953,78.97000122070312,191100.0,75.55462646484375,79.18999989827473,91.5692560720697,75.59100112915038,75.21125049591065,75.63580017089843,76.07660018920899,215235.0
2019-07-02,78.63999938964844,76.94000244140625,78.63999938964844,77.26000213623047,195800.0,73.9185791015625,77.61333465576172,-19.895377754912428,75.77150115966796,75.20725059509277,75.63640014648438,76.11090019226074,215381.66666666666
2019-07-03,77.5,76.69999694824219,77.4800033569336,77.38999938964844,151800.0,74.04296112060547,77.19666544596355,-72.51055735978184,75.97250099182129,75.25775051116943,75.62200012207032,76.15600021362305,215950.0
2019-07-05,78.0,76.69999694824219,77.01000213623047,77.94000244140625,154000.0,74.56917572021484,77.54666646321614,-47.26806152397389,76.18950119018555,75.32925052642823,75.60900024414063,76.20070022583008,216181.66666666666
2019-07-08,77.88999938964844,76.68000030517578,77.5,76.75,171500.0,73.43063354492188,77.1066665649414,-71.26542463327084,76.30850105285644,75.35700054168701,75.63560028076172,76.22380020141601,216571.66666666666
2019-07-09,76.29000091552734,74.94000244140625,76.25,75.43000030517578,263800.0,72.16773223876953,75.55333455403645,-166.66666666667078,76.31850090026856,75.33775062561035,75.59580032348633,76.22790023803711,218480.0
2019-07-10,76.0199966430664,74.98999786376953,75.80000305175781,75.0199966430664,235300.0,71.77545928955078,75.34333038330078,-91.28081024785726,76.30350074768066,75.32675056457519,75.54420028686523,76.21490020751953,219225.0
2019-07-11,75.5,74.08000183105469,75.08000183105469,75.5,173400.0,72.23469543457031,75.02666727701823,-74.89444500779811,76.33500061035156,75.29800052642823,75.51160034179688,76.19320022583008,218320.0
2019-07-12,77.37000274658203,75.54000091552734,75.66000366210938,77.2300033569336,218500.0,73.88988494873047,76.71333567301433,66.2853736565651,76.45650062561035,75.29450054168701,75.51640045166016,76.18470024108886,219361.66666666666
2019-07-15,77.29000091552734,75.66000366210938,77.19999694824219,75.87999725341797,244900.0,72.59825897216797,76.27666727701823,57.791234813972245,76.55000038146973,75.25425052642822,75.50260040283203,76.15250022888183,221311.66666666666
2019-07-16,77.68000030517578,75.81999969482422,76.05000305175781,76.86000061035156,231500.0,73.53587341308594,76.78666687011719,74.74656323878106,76.75650024414062,75.25075054168701,75.47420043945313,76.15060020446778,222545.0
2019-07-17,76.76000213623047,75.19999694824219,76.41000366210938,75.86000061035156,270000.0,72.5791244506836,75.93999989827473,-26.13569023865562,76.77500038146972,75.25300064086915,75.44300048828126,76.13320022583008,224870.0
2019-07-18,79.80000305175781,75.5999984741211,77.87999725341797,77.80000305175781,387000.0,74.43522644042969,77.73333485921223,149.47460711577068,76.8645004272461,75.28225078582764,75.49160049438477,76.12570022583007,227090.0
2019-07-19,78.33000183105469,75.02999877929688,77.70999908447266,75.12000274658203,354700.0,71.87113189697266,76.16000111897786,-51.33848759439572,76.7455005645752,75.28225078582764,75.49240051269531,76.09460021972656,229141.66666666666
2019-07-22,76.80000305175781,74.22000122070312,75.30999755859375,76.36000061035156,264300.0,73.05751037597656,75.7933349609375,-73.89929133655005,76.69100074768066,75.35475082397461,75.50680053710937,76.0729002380371,229745.0
2019-07-23,77.86000061035156,76.26000213623047,76.81999969482422,76.6500015258789,256500.0,73.3349609375,76.92333475748698,42.090983571996155,76.75350074768066,75.43900089263916,75.5158006286621,76.0444002532959,231291.66666666666
2019-07-24,77.91000366210938,76.33999633789062,76.33999633789062,77.83000183105469,236900.0,74.46392822265625,77.36000061035156,57.707934996633355,76.86050071716309,75.55050086975098,75.56320068359375,76.04660026550293,231941.66666666666
2019-07-25,77.83000183105469,76.31999969482422,77.7699966430664,76.55000305175781,180800.0,73.23929595947266,76.9000015258789,34.9214879666958,76.87150077819824,75.65175094604493,75.56120071411132,76.03730026245117,231323.33333333334
2019-07-26,77.62000274658203,75.72000122070312,76.44999694824219,77.12999725341797,172600.0,73.79419708251953,76.82333374023438,10.91942320343336,76.84100074768067,75.77600078582763,75.55640060424804,76.04180023193359,231770.0
2019-07-29,77.5199966430664,76.55999755859375,77.01000213623047,77.0199966430664,140400.0,73.68894958496094,77.03333028157552,11.188289286487526,76.72750053405761,75.9560007095337,75.54700057983399,76.05800018310546,231465.0
2019-07-30,78.38999938964844,75.95999908447266,76.30000305175781,78.11000061035156,171000.0,74.73182678222656,77.48666636149089,100.77078090580031,76.68450050354004,76.13775081634522,75.56920059204101,76.08470016479492,231233.33333333334
2019-07-31,78.97000122070312,76.33999633789062,78.04000091552734,76.86000061035156,286600.0,73.53587341308594,77.38999938964844,70.40993926673666,76.6645004272461,76.21800079345704,75.59100067138672,76.10130020141601,228276.66666666666
2019-08-01,78.12999725341797,75.33000183105469,76.80999755859375,75.83000183105469,282300.0,72.55043029785156,76.43000030517578,-123.70016530396616,76.58650054931641,76.27950077056884,75.57500076293945,76.09960021972657,229008.33333333334
2019-08-02,75.9800033569336,74.69999694824219,75.11000061035156,75.7699966430664,205100.0,72.4930191040039,75.48333231608073,-132.15081829826758,76.47800025939941,76.33375072479248,75.58800064086914,76.09720016479493,230308.33333333334
2019-08-05,74.16000366210938,72.56999969482422,74.05000305175781,73.33999633789062,283200.0,70.16812133789061,73.3566665649414,-138.3940590180279,76.30750007629395,76.3080005645752,75.5856005859375,76.06440010070801,232105.0
2019-08-06,74.3499984741211,72.72000122070312,73.9000015258789,74.27999877929688,183400.0,71.06745910644531,73.78333282470703,-72.98940684069059,76.25,76.28425045013428,75.6056005859375,76.05380012512207,232831.66666666666
2019-08-07,74.80000305175781,72.6500015258789,73.19999694824219,74.56999969482422,213100.0,71.34492492675781,74.00666809082031,-37.51438392180869,76.2275001525879,76.26550045013428,75.62960052490234,76.04650009155273,232943.33333333334
2019-08-08,76.73999786376953,75.0,75.22000122070312,76.4000015258789,330900.0,73.09577178955078,76.04666646321614,102.4216495934132,76.27250022888184,76.3037504196167,75.70760055541992,76.0435001373291,235966.66666666666
2019-08-09,76.05999755859375,74.44000244140625,76.05999755859375,75.04000091552734,188800.0,71.79460144042969,75.18000030517578,51.61984318792992,76.16300010681152,76.30975036621093,75.76520050048828,76.0284001159668,237246.66666666666
2019-08-12,74.7699966430664,73.93000030517578,74.7699966430664,74.5199966430664,220600.0,71.29707336425781,74.4066645304362,-24.946323601434212,76.09500007629394,76.32250022888184,75.85920043945312,76.01070007324219,237676.66666666666
2019-08-13,76.47000122070312,74.20999908447266,74.20999908447266,74.9800033569336,147400.0,71.73719024658203,75.22000122070312,27.00358707589048,76.00100021362304,76.37875022888184,75.94200057983399,75.98200012207032,235561.66666666666
2019-08-14,73.81999969482422,71.93000030517578,73.58000183105469,72.5999984741211,226700.0,69.46011352539061,72.78333282470703,-143.06729672185878,75.83800010681152,76.30650024414062,75.92100051879883,75.9860001373291,236370.0
2019-08-15,73.05999755859375,71.41000366210938,72.88999938964844,71.58999633789062,245300.0,68.49380493164061,72.01999918619792,-104.25345777446444,75.52749977111816,76.19600009918213,75.885400390625,75.98240013122559,238660.0
2019-08-16,74.30000305175781,71.7300033569336,72.04000091552734,74.12000274658203,236600.0,70.91438293457031,73.38333638509114,-11.94899608952912,75.47749977111816,76.11150016784669,75.89580047607421,75.98040016174316,239893.33333333334
2019-08-19,75.66000366210938,74.41999816894531,75.26000213623047,75.25,219400.0,71.9955062866211,75.11000061035156,80.19762651917831,75.42199974060058,76.05650024414062,75.91340042114258,75.98150016784668,240376.66666666666
2019-08-20,75.47000122070312,74.66999816894531,75.1500015258789,74.93000030517578,206200.0,71.68936157226562,75.02333323160808,80.75885048264031,75.33599967956543,76.04475021362305,75.90740036010742,75.9775001525879,240760.0
2019-08-21,76.51000213623047,75.37000274658203,75.95999908447266,75.7699966430664,184200.0,72.4930191040039,75.88333384195964,84.22865303779022,75.23299942016601,76.04675006866455,75.91640029907227,75.97150009155274,239721.66666666666
2019-08-22,76.62000274658203,75.13999938964844,76.2300033569336,75.44999694824219,163500.0,72.18685913085938,75.73666636149089,71.73674121484316,75.17799911499023,76.02474994659424,75.92800018310547,75.95270004272462,239075.0
2019-08-23,74.79000091552734,71.95999908447266,74.79000091552734,72.18000030517578,199100.0,69.05828094482422,72.97666676839192,-166.66666666667092,74.93049926757813,75.8857500076294,75.87560012817383,75.90500007629394,239246.66666666666
2019-08-26,73.25,71.7300033569336,73.18000030517578,72.76000213623047,181900.0,69.61321258544922,72.58000183105469,-93.27979950424114,74.71749954223633,75.72250003814698,75.85060012817382,75.86020011901856,238060.0
2019-08-27,73.38999938964844,71.62999725341797,73.38999938964844,71.97000122070312,276700.0,68.85737609863281,72.32999928792317,-68.6052427953575,74.4104995727539,75.54750003814698,75.83540008544922,75.79960014343261,237186.66666666666
2019-08-28,73.41000366210938,71.75,71.83999633789062,72.76000213623047,184300.0,69.61321258544922,72.64000193277995,-41.10745567110912,74.20549964904785,75.43500003814697,75.78080017089843,75.74300018310547,236221.66666666666
2019-08-29,74.5199966430664,72.93000030517578,73.76000213623047,73.88999938964844,145300.0,70.69432830810547,73.77999877929688,148.0765216718275,74.10849952697754,75.34750003814698,75.7384001159668,75.70720016479493,235346.66666666666
2019-08-30,74.66999816894531,73.27999877929688,74.41000366210938,74.22000122070312,174900.0,71.01006317138672,74.05666605631511,97.0406093202287,74.03099975585937,75.25450000762939,75.67280014038086,75.69000015258788,234543.33333333334
2019-09-03,73.2699966430664,71.44000244140625,73.2699966430664,72.5,241700.0,69.36444854736328,72.40333302815755,-60.732913895244074,73.98899993896484,75.1482500076294,75.57380020141602,75.6475001525879,235015.0
2019-09-04,73.77999877929688,72.98999786376953,73.55999755859375,73.5199966430664,169500.0,70.34032440185547,73.42999776204427,18.910237032635738,73.95099983215331,75.10049991607666,75.53620010375977,75.60930015563964,235161.66666666666
2019-09-05,76.19999694824219,74.37000274658203,74.43000030517578,75.75,269100.0,72.47389221191406,75.43999989827473,145.55594204298774,74.0099998474121,75.11875,75.53740005493164,75.57290016174316,235506.66666666666
2019-09-06,76.86000061035156,75.25,75.94000244140625,75.48999786376953,229800.0,72.22511291503906,75.86666615804036,95.90600320331232,73.96449966430664,75.11849994659424,75.52059997558594,75.55600013732911,235056.66666666666
2019-09-09,77.87999725341797,75.61000061035156,75.94000244140625,77.75,327600.0,74.38739013671875,77.07999928792317,96.679327341449,74.09999961853028,75.13149986267089,75.52080001831055,75.55230010986328,234926.66666666666
2019-09-10,79.93000030517578,76.93000030517578,77.69000244140625,79.5199966430664,356300.0,76.08084106445312,78.79333241780598,122.6732730157122,74.34999961853028,75.22249984741211,75.52539993286133,75.57350006103516,235830.0
2019-09-11,80.54000091552734,78.4800033569336,79.9000015258789,80.51000213623047,372400.0,77.02802276611328,79.8433354695638,106.19526299940149,74.62649955749512,75.31374988555908,75.55619995117188,75.59600006103516,235875.0
2019-09-12,80.88999938964844,78.61000061035156,80.0,80.66000366210938,289000.0,77.61499786376953,80.05333455403645,77.5800153301092,75.02949981689453,75.43374996185302,75.62419998168946,75.63030006408691,236703.33333333334
2019-09-13,82.5199966430664,80.12999725341797,81.13999938964844,81.79000091552734,311800.0,78.70234680175781,81.47999827067058,111.78398562940944,75.53950004577636,75.53349990844727,75.71220001220703,75.66710006713868,237091.66666666666
2019-09-16,81.94999694824219,81.0199966430664,81.16000366210938,81.37999725341797,306700.0,78.30782318115234,81.44999694824219,82.23775295861296,75.90249977111816,75.68999977111817,75.78099990844727,75.69500007629395,237320.0
2019-09-17,81.25,79.4800033569336,80.69000244140625,80.8499984741211,209600.0,77.79782104492188,80.52666727701823,-15.10696923506959,76.18249969482422,75.8022497177124,75.86299987792968,75.7493000793457,233761.66666666666
2019-09-18,80.81999969482422,79.38999938964844,80.62000274658203,80.02999877929688,188900.0,77.00877380371094,80.07999928792317,-71.1737389370461,76.43749961853027,75.88674964904786,75.95499984741211,75.77540008544922,232865.0
2019-09-19,80.30000305175781,77.5,79.86000061035156,77.76000213623047,266100.0,74.82447052001953,78.52000172932942,-141.82160409977254,76.53699989318848,75.88499965667725,76.00979995727539,75.77700012207032,232105.0
2019-09-20,79.25,77.6500015258789,77.83000183105469,77.66999816894531,572400.0,74.73786926269531,78.18999989827473,-93.16653044685741,76.64799995422364,75.91299953460694,76.0531999206543,75.78240013122559,238548.33333333334
2019-09-23,79.3499984741211,77.55999755859375,77.80000305175781,78.6500015258789,181800.0,75.68087005615234,78.51999918619792,-47.4863849536159,76.97150001525878,75.95099964141846,76.08159988403321,75.79900016784669,238985.0
2019-09-24,79.0999984741211,76.94000244140625,78.73999786376953,77.68000030517578,208900.0,74.74749755859375,77.9066670735677,-85.46018315278052,77.21749992370606,75.96749973297119,76.11759994506836,75.81010017395019,235881.66666666666
2019-09-25,79.56999969482422,77.86000061035156,78.0199966430664,78.94999694824219,326400.0,75.96954345703125,78.79333241780598,100.52627522514048,77.56649971008301,75.98849964141846,76.15939987182617,75.81680015563965,238136.66666666666
2019-09-26,78.83999633789062,77.70999908447266,78.83999633789062,77.73999786376953,133500.0,74.80522155761719,78.09666442871094,-47.99912016205914,77.81549949645996,76.0104995727539,76.19699981689453,75.8200001525879,237098.33333333334
2019-09-27,79.16000366210938,77.16000366210938,78.41999816894531,77.41000366210938,148700.0,74.48767852783203,77.91000366210938,-67.93565904653664,77.991499710083,76.04999961853028,76.18919982910157,75.84040016174316,237046.66666666666
2019-09-30,78.25,77.33000183105469,77.7699966430664,77.52999877929688,142200.0,74.60315704345703,77.70333353678386,-86.93034097047827,78.1569995880127,76.09399967193603,76.23739974975587,75.86490013122558,236850.0
2019-10-01,79.02999877929688,75.5,78.16000366210938,75.80000305175781,277600.0,72.9384765625,76.77666727701823,-146.01369548195558,78.32199974060059,76.15549983978272,76.22619979858399,75.86650016784668,238618.33333333334
2019-10-02,75.27999877929688,72.66000366210938,74.93000030517578,73.31999969482422,170500.0,70.55207824707031,73.75333404541016,-162.91149104037663,78.31199989318847,76.13149986267089,76.1595997619629,75.8377001953125,237063.33333333334
2019-10-03,74.0,71.27999877929688,72.86000061035156,73.93000030517578,248700.0,71.13906860351562,73.06999969482422,-95.04549110912157,78.22099990844727,76.1154998779297,76.08159973144531,75.82240020751954,237286.66666666666
2019-10-04,74.51000213623047,72.58999633789062,73.87000274658203,74.4000015258789,283500.0,71.59130859375,73.83333333333333,-44.96836985205699,78.16650009155273,76.06549987792968,76.03859970092773,75.79990020751953,239121.66666666666
2019-10-07,74.26000213623047,73.12999725341797,73.83999633789062,73.5999984741211,117200.0,70.82151794433594,73.66333262125652,-36.235704749922746,77.9590000152588,76.02949981689453,75.9679997253418,75.76220016479492,237433.33333333334
2019-10-08,73.26000213623047,71.79000091552734,72.5199966430664,72.8499984741211,142400.0,70.09983062744139,72.63333384195964,-117.08920085897779,77.62550010681153,75.9877498626709,75.88459976196289,75.71580017089843,235725.0
2019-10-09,73.56999969482422,72.22000122070312,73.56999969482422,72.77999877929688,154200.0,70.032470703125,72.8566665649414,-55.03829932466203,77.23899993896484,75.93274974822998,75.7779997253418,75.6736001586914,234436.66666666666
2019-10-10,74.12999725341797,72.97000122070312,73.08000183105469,73.87999725341797,194400.0,71.09095001220703,73.65999857584636,47.157144784538495,76.89999961853027,75.96474971771241,75.71839965820313,75.65470016479492,233176.66666666666
2019-10-11,77.22000122070312,75.36000061035156,75.37000274658203,75.38999938964844,221800.0,72.5439453125,75.99000040690105,166.66666666666347,76.57999954223632,76.05974979400635,75.709599609375,75.64230018615723,230423.33333333334
2019-10-14,76.1500015258789,74.7300033569336,74.81999969482422,75.97000122070312,133800.0,73.10204315185547,75.61666870117188,73.91718386214427,76.30949974060059,76.10599975585937,75.71359970092773,75.65080017089844,226741.66666666666
2019-10-15,76.9000015258789,75.4000015258789,76.11000061035156,75.66999816894531,207000.0,72.81336975097656,75.99000040690105,62.18478100714807,76.0504997253418,76.116499710083,75.76019973754883,75.67290016174316,225786.66666666666
2019-10-16,76.04000091552734,74.02999877929688,75.0999984741211,74.52999877929688,297100.0,71.7164077758789,74.86666615804036,-31.03330995666053,75.7754997253418,76.10649967193604,75.76519973754883,75.68540016174316,226463.33333333334
2019-10-17,75.25,74.33000183105469,75.0,74.75,221200.0,71.9281005859375,74.77666727701823,-89.32048098845587,75.62499961853027,76.08099975585938,75.76879974365234,75.69920013427735,226201.66666666666
2019-10-18,75.08999633789062,73.55000305175781,74.26000213623047,74.83999633789062,437300.0,72.01470184326172,74.49333190917969,-83.41827690413307,75.48349952697754,76.06574974060058,75.73759963989258,75.72260009765625,230476.66666666666
2019-10-21,76.87999725341797,75.72000122070312,75.79000091552734,76.2300033569336,331900.0,73.35223388671875,76.27666727701823,97.3416737651561,75.36249961853028,76.16699981689453,75.7613996887207,75.76330009460449,233131.66666666666
2019-10-22,78.97000122070312,74.4800033569336,75.72000122070312,78.73999786376953,331200.0,75.76747131347656,77.39666748046875,119.9441987770068,75.41549949645996,76.31649971008301,75.84579971313477,75.85250007629395,236311.66666666666
2019-10-23,79.72000122070312,77.01000213623047,78.58000183105469,79.41000366210938,398400.0,76.41219329833984,78.71333567301433,115.16149613555693,75.43849983215333,76.50249977111817,75.93439971923829,75.93820014953613,240101.66666666666
2019-10-24,80.06999969482422,75.37000274658203,79.86000061035156,79.8499984741211,330200.0,76.83557891845703,78.43000030517578,67.9784840376738,75.5439998626709,76.67974967956543,76.07939971923828,76.00020011901856,240828.33333333334
2019-10-25,81.55999755859375,79.63999938964844,79.7699966430664,80.66000366210938,214000.0,77.61499786376953,80.62000020345052,133.99964307339488,75.7064998626709,76.84899978637695,76.26079986572266,76.07310012817383,239690.0
2019-10-28,81.98999786376953,80.36000061035156,80.81999969482422,81.29000091552734,225800.0,78.2212142944336,81.21333312988281,98.38949391971218,75.89449996948242,77.02574977874755,76.40419982910156,76.1500001525879,240035.0
2019-10-29,81.8499984741211,80.79000091552734,80.94000244140625,81.80999755859375,150700.0,78.7215805053711,81.48333231608073,76.26249193596337,76.19499969482422,77.2584997177124,76.53539978027344,76.22440010070801,237826.66666666666
2019-10-30,81.63999938964844,79.41000366210938,81.5999984741211,80.19999694824219,171000.0,77.17236328125,80.41666666666667,-1.3209925909048592,76.53899955749512,77.4254997253418,76.64079971313477,76.27410003662109,237620.0
2019-10-31,80.58000183105469,79.30000305175781,80.04000091552734,79.55000305175781,244900.0,76.5468978881836,79.81000264485677,-117.07473451470926,76.81999969482422,77.52049980163574,76.7163998413086,76.31640007019043,238150.0
2019-11-01,81.55000305175781,79.9800033569336,79.9800033569336,81.13999938964844,151100.0,78.07687377929688,80.89000193277995,16.34172515352251,77.1569995880127,77.66174983978271,76.83019989013673,76.3791000366211,235153.33333333334
2019-11-04,82.88999938964844,81.5999984741211,81.83999633789062,82.70999908447266,182200.0,79.58760070800781,82.39999898274739,123.89387103412248,77.61249961853028,77.78574981689454,77.04079986572266,76.45819999694824,235043.33333333334
2019-11-05,85.04000091552734,83.08999633789062,83.26000213623047,84.75,248300.0,81.55059814453125,84.29333241780598,127.53708336771,78.20749969482422,77.91649990081787,77.28059982299804,76.56559997558594,235505.0
2019-11-06,84.81999969482422,83.52999877929688,84.72000122070312,84.7699966430664,172000.0,81.56983184814453,84.37333170572917,84.0266335966125,78.8069995880127,78.02299976348877,77.5365997314453,76.68599990844727,235915.0
2019-11-07,86.01000213623047,84.7699966430664,85.63999938964844,84.94000244140625,130000.0,81.73341369628906,85.24000040690105,83.62753214242028,79.35999984741211,78.12999973297119,77.78019973754883,76.78049995422363,234303.33333333334
2019-11-08,85.0999984741211,83.68000030517578,84.70999908447266,84.38999938964844,114200.0,81.20418548583984,84.38999938964844,24.01942995067257,79.80999984741212,78.19499969482422,77.99019973754883,76.86429992675781,232118.33333333334
2019-11-11,84.38999938964844,83.08000183105469,83.52999877929688,83.27999877929688,138400.0,80.1360855102539,83.58333333333333,-150.46797820286102,80.1754997253418,78.2424997329712,78.1713996887207,76.92209991455078,230481.66666666666
2019-11-12,83.83000183105469,81.56999969482422,83.45999908447266,82.06999969482422,135800.0,78.97176361083984,82.49000040690105,-129.88193142272948,80.49549980163575,78.27299976348877,78.3627996826172,76.9682999420166,229088.33333333334
2019-11-13,81.83999633789062,80.7699966430664,81.12000274658203,81.01000213623047,175800.0,77.9517822265625,81.2066650390625,-118.19899013214581,80.81949996948242,78.29749984741211,78.51259979248047,77.02439994812012,228581.66666666666
2019-11-14,81.37000274658203,80.36000061035156,80.93000030517578,80.58999633789062,148700.0,77.5476303100586,80.77333323160808,-95.38103321133207,81.11149978637695,78.36824970245361,78.60939971923828,77.07339988708496,227990.0
2019-11-15,81.56999969482422,80.37999725341797,81.25,80.66999816894531,142600.0,77.6246109008789,80.87333170572917,-60.73524635775113,81.40299987792969,78.44324970245361,78.7129997253418,77.11679985046386,227641.66666666666
2019-11-18,80.9800033569336,79.58000183105469,80.16000366210938,80.3499984741211,178700.0,77.31669616699219,80.30333455403645,-95.73467052346176,81.60899963378907,78.48574962615967,78.76499969482421,77.14289985656738,227301.66666666666
2019-11-19,82.62999725341797,80.38999938964844,80.93000030517578,82.2699966430664,191200.0,79.16421508789062,81.76333109537761,129.62967663074912,81.7854995727539,78.60049953460694,78.81999969482422,77.17269981384277,227456.66666666666
2019-11-20,82.79000091552734,81.25,81.79000091552734,82.75,326700.0,79.6260986328125,82.26333363850911,108.80210041644129,81.95249938964844,78.69549961090088,78.8647996520996,77.21049980163575,228290.0
2019-11-21,83.08000183105469,81.66000366210938,82.77999877929688,82.48999786376953,142900.0,79.37590026855469,82.41000111897786,79.14152114654927,82.08449935913086,78.81424961090087,78.90139953613281,77.26279975891113,227600.0
2019-11-22,83.02999877929688,82.38999938964844,82.61000061035156,82.8499984741211,82300.0,79.72232055664062,82.7566655476888,82.49922962137892,82.19399909973144,78.95024948120117,78.9225994873047,77.31739974975586,226550.0
2019-11-25,83.88999938964844,82.6500015258789,83.06999969482422,83.36000061035156,226900.0,80.21307373046875,83.3000005086263,126.07522932196764,82.29749908447266,79.09599952697754,78.96219955444336,77.37159973144531,227416.66666666666
2019-11-26,83.63999938964844,81.2699966430664,83.31999969482422,81.62999725341797,285800.0,78.54837036132812,82.17999776204427,-75.05638003161604,82.28849906921387,79.24174938201904,78.9777995300293,77.4203997039795,228151.66666666666
2019-11-27,82.11000061035156,80.98999786376953,81.95999908447266,81.47000122070312,181400.0,78.39441680908203,81.52333323160808,-127.68736801177653,82.35199928283691,79.44549942016602,79.00659957885742,77.48079971313477,228350.0
2019-11-29,81.91999816894531,80.54000091552734,81.22000122070312,80.83000183105469,88400.0,77.77857971191406,81.09666697184245,-103.97316364414014,82.41599922180175,79.617999458313,79.0679995727539,77.53889976501465,225338.33333333334
2019-12-02,81.55000305175781,80.26000213623047,81.13999938964844,80.5999984741211,180600.0,77.55726623535156,80.80333455403645,-84.89687893526606,82.3889991760254,79.77299938201904,79.12659957885742,77.58989974975586,224518.33333333334
2019-12-03,80.23999786376953,78.80999755859375,79.62000274658203,80.18000030517578,161500.0,77.15311431884766,79.74333190917969,-138.8192580314784,82.26249923706055,79.93749942779542,79.15719955444337,77.61939971923829,221750.0
2019-12-04,82.06999969482422,80.55000305175781,80.76000213623047,80.58999633789062,145400.0,77.5476303100586,81.06999969482422,32.326714103001585,82.05449905395508,80.13099937438965,79.21539947509766,77.666499710083,218235.0
2019-12-05,81.45999908447266,80.38999938964844,81.04000091552734,80.91000366210938,101800.0,77.85556030273438,80.92000071207683,32.768414183232714,81.86149940490722,80.33424949645996,79.254599609375,77.70699974060058,213725.0
2019-12-06,82.52999877929688,81.80999755859375,82.05000305175781,81.97000122070312,144300.0,78.87554168701172,82.10333251953125,148.70109085741862,81.71299934387207,80.53649959564208,79.33919967651367,77.7680997467041,211313.33333333334
2019-12-09,82.44000244140625,81.66000366210938,81.66000366210938,81.95999908447266,157600.0,78.86591339111328,82.02000172932942,79.43354180144921,81.59149932861328,80.7007495880127,79.43019958496093,77.80969970703126,208743.33333333334
2019-12-10,82.33999633789062,81.31999969482422,81.94999694824219,82.08000183105469,113700.0,78.98139190673828,81.91333262125652,42.05341438020524,81.53149948120117,80.85349960327149,79.52119964599609,77.87929969787598,205526.66666666666
2019-12-11,83.2300033569336,82.1500015258789,82.33000183105469,83.02999877929688,119300.0,79.89552307128906,82.80333455403645,132.52388657325218,81.57949943542481,81.03749961853028,79.66579956054687,77.94599967956543,204021.66666666666
2019-12-12,84.06999969482422,81.97000122070312,82.44000244140625,83.72000122070312,133800.0,81.0082778930664,83.25333404541016,114.08778203671629,81.71499938964844,81.26724967956542,79.87379959106445,78.01669967651367,203103.33333333334
2019-12-13,83.94999694824219,82.31999969482422,83.58999633789062,83.23999786376953,121400.0,80.54381561279297,83.16999816894531,67.3845410155271,81.84749946594238,81.47949962615967,80.05999954223633,78.07079963684082,200691.66666666666
2019-12-16,84.6500015258789,82.30999755859375,83.94999694824219,82.5999984741211,194200.0,79.92454528808594,83.18666585286458,52.81609895918204,81.94399948120117,81.67349967956542,80.22399948120118,78.13129959106445,194388.33333333334
2019-12-17,83.5199966430664,82.37999725341797,82.77999877929688,83.05000305175781,290000.0,80.35999298095703,82.98333231608073,-43.01115699090639,82.07899971008301,81.84399967193603,80.4129995727539,78.19049964904785,196191.66666666666
2019-12-18,83.94000244140625,82.62999725341797,83.30000305175781,83.62999725341797,205800.0,80.92119598388672,83.39999898274739,131.07558692066766,82.14699974060059,81.96624965667725,80.62859954833985,78.25659965515136,196140.0
2019-12-19,84.38999938964844,83.12000274658203,83.62000274658203,84.06999969482422,212500.0,81.34693908691406,83.86000061035156,145.16138735480155,82.2129997253418,82.08274955749512,80.85439956665039,78.3161996459961,194241.66666666666
2019-12-20,85.22000122070312,84.22000122070312,84.43000030517578,84.94000244140625,755800.0,82.18875885009766,84.7933349609375,140.3551229339537,82.33549995422364,82.20999965667724,81.07559967041016,78.39699966430663,204613.33333333334
2019-12-23,85.51000213623047,84.26000213623047,84.9800033569336,85.11000061035156,128900.0,82.3532485961914,84.96000162760417,91.24872215554855,82.44850006103516,82.3212495803833,81.26999969482422,78.4897996520996,204283.33333333334
2019-12-24,85.61000061035156,84.16000366210938,85.12000274658203,84.43000030517578,279200.0,81.69528198242188,84.73333485921223,44.485643584537925,82.50200004577637,82.39974956512451,81.43919967651367,78.5763996887207,206566.66666666666
2019-12-26,85.6500015258789,84.45999908447266,84.5,85.19000244140625,461400.0,82.43067169189453,85.10000101725261,82.5293548485277,82.68000030517578,82.48424968719482,81.6295997619629,78.69489974975586,209630.0
2019-12-27,85.75,83.33999633789062,85.29000091552734,84.36000061035156,247900.0,81.6275405883789,84.48333231608073,-127.572561541333,82.8245002746582,82.58824977874755,81.82619979858399,78.79569976806641,210920.0
2019-12-30,84.33999633789062,82.44000244140625,84.33999633789062,82.5,219500.0,79.82779693603516,83.0933329264323,-166.66666666667354,82.90800018310547,82.66199970245361,81.98119979858399,78.87499977111817,210433.33333333334
2019-12-31,83.54000091552734,82.37999725341797,82.37999725341797,82.8499984741211,363100.0,80.16645812988281,82.92333221435547,-90.02626992882851,83.02050018310547,82.70474967956542,82.1413998413086,78.93949974060058,211760.0
2020-01-02,83.55999755859375,81.88999938964844,83.41999816894531,83.4800033569336,214600.0,80.77605438232422,82.97666676839192,-57.19000345595192,83.18550033569336,82.72399978637695,82.2863998413086,79.02389976501465,213383.33333333334
2020-01-03,83.2300033569336,81.98999786376953,82.18000030517578,83.02999877929688,249000.0,80.34062194824219,82.75,-66.68457952308933,83.30750045776367,82.68099975585938,82.37219985961914,79.10899978637696,215160.0
2020-01-06,82.47000122070312,81.66000366210938,82.23999786376953,81.75,274700.0,79.10208892822266,81.96000162760417,-166.66666666667732,83.3495002746582,82.60549983978271,82.41899978637696,79.17669975280762,217168.33333333334
2020-01-07,81.77999877929688,80.95999908447266,81.26000213623047,81.66000366210938,231100.0,79.01500701904297,81.46666717529297,-112.61485313760632,83.33400039672851,82.5234998703003,82.45519989013673,79.2672998046875,217780.0
2020-01-08,82.47000122070312,81.16000366210938,81.79000091552734,81.20999908447266,141000.0,78.57957458496094,81.61333465576172,-63.380269077895974,83.29650039672852,82.44399986267089,82.46619979858399,79.36349983215332,216433.33333333334
2020-01-09,81.62000274658203,80.69999694824219,81.62000274658203,80.94999694824219,174500.0,78.32799530029297,81.08999888102214,-98.73361789450485,83.2400001525879,82.38574981689453,82.45939971923828,79.43179977416992,217111.66666666666
2020-01-10,81.06999969482422,79.76000213623047,80.81999969482422,80.4800033569336,210100.0,77.87322235107422,80.4366683959961,-132.82802127598015,83.11250038146973,82.34599990844727,82.43279983520507,79.48409980773926,217163.33333333334
2020-01-13,80.77999877929688,79.58000183105469,80.61000061035156,80.62999725341797,280300.0,78.01835632324219,80.32999928792317,-90.69185546476405,82.95800018310547,82.33649978637695,82.4413998413086,79.54109977722167,216883.33333333334
2020-01-14,80.56999969482422,78.94999694824219,80.26000213623047,79.1500015258789,554500.0,76.5863037109375,79.55666605631511,-117.09104819955894,82.75350036621094,82.30049991607666,82.43339981079102,79.5748998260498,222438.33333333334
2020-01-15,79.87999725341797,78.44999694824219,78.91000366210938,78.98999786376953,385500.0,76.43148803710938,79.10666402180989,-107.61049546989881,82.57300033569337,82.25849990844726,82.39039978027344,79.61029983520508,221575.0
2020-01-16,80.69999694824219,79.4000015258789,79.55000305175781,79.79000091552734,649500.0,77.20557403564453,79.96333312988281,12.89865556803198,82.41000022888184,82.24449996948242,82.33199981689454,79.6863998413086,226868.33333333334
2020-01-17,80.30999755859375,77.18000030517578,80.29000091552734,77.37999725341797,336400.0,74.87362670898438,78.28999837239583,-128.64317507016784,82.09750022888184,82.12224998474122,82.18459976196289,79.73259979248047,226955.0
2020-01-21,76.83999633789062,73.87999725341797,76.79000091552734,75.12000274658203,449900.0,72.68683624267578,75.27999877929688,-159.14431703679756,81.65000038146972,81.93150005340576,81.9915998840332,79.76409980773926,227813.33333333334
2020-01-22,75.69000244140625,74.87999725341797,75.55999755859375,75.30000305175781,421100.0,72.86101531982422,75.29000091552734,-83.1522138975141,81.16800041198731,81.75175018310547,81.79879989624024,79.78949981689453,229328.33333333334
2020-01-23,83.05999755859375,78.13999938964844,83.05999755859375,82.3499984741211,1242200.0,79.68264770507812,81.18333180745442,97.61933629215383,81.03000030517578,81.73925018310547,81.75799987792969,79.87409980773926,246465.0
2020-01-24,82.66999816894531,80.18000030517578,82.55000305175781,81.62999725341797,656500.0,78.98596954345703,81.49333190917969,87.5948552829833,80.89000015258789,81.69600009918213,81.7249998474121,79.9481997680664,253643.33333333334
2020-01-27,80.43000030517578,78.72000122070312,79.81999969482422,78.76000213623047,623800.0,76.20893096923828,79.30333455403645,20.499613010266824,80.5685001373291,81.62425022125244,81.65879989624024,80.01079978942872,261528.33333333334
2020-01-28,79.5999984741211,77.97000122070312,79.08999633789062,79.19000244140625,195500.0,76.62500762939453,78.92000071207683,-12.42379246512721,80.31000022888183,81.56725025177002,81.62239990234374,80.06749984741211,261936.66666666666
2020-01-29,79.94000244140625,78.5,79.16999816894531,78.69999694824219,169000.0,76.15087890625,79.04666646321614,-58.23248616876656,80.12000007629395,81.51400012969971,81.58459991455078,80.09699981689454,260671.66666666666
2020-01-30,79.37000274658203,77.54000091552734,77.7699966430664,78.55999755859375,208700.0,76.01541137695312,78.49000040690105,-78.38341538341969,79.90550003051757,81.46300010681152,81.54239990234375,80.12769981384277,261631.66666666666
2020-01-31,78.13999938964844,76.01000213623047,77.86000061035156,76.12999725341797,301300.0,73.66411590576172,76.75999959309895,-165.3394071429501,79.53799972534179,81.36175003051758,81.4579998779297,80.11149978637695,263616.6666666667
2020-02-03,76.79000091552734,75.87000274658203,76.33999633789062,76.41000366210938,268600.0,73.93505859375,76.35666910807292,-95.72368145558607,79.20699996948242,81.25725021362305,81.34080001831055,80.08039985656738,263955.0
2020-02-04,78.5199966430664,76.80000305175781,77.41999816894531,77.83000183105469,195400.0,75.3090591430664,77.71666717529297,3.1869318697260285,79.01100006103516,81.18025016784668,81.24240005493164,80.05359985351562,264345.0
2020-02-05,79.66000366210938,78.80000305175781,78.91000366210938,79.12000274658203,178600.0,76.5572738647461,79.1933364868164,108.44262503838434,78.88400001525879,81.10900020599365,81.17500015258788,80.03819984436035,265155.0
2020-02-06,79.66999816894531,77.81999969482422,79.66999816894531,77.8499984741211,110800.0,75.32840728759766,78.44666544596355,55.14798803884786,78.71599998474122,81.00625019073486,81.07500015258789,79.99879981994629,265098.3333333333
2020-02-07,77.7699966430664,76.29000091552734,77.29000091552734,76.41999816894531,156500.0,73.94471740722656,76.82666524251302,-65.79093047616037,78.48950004577637,80.86475009918213,80.93620010375976,79.94919982910156,265400.0
2020-02-10,78.01000213623047,75.94999694824219,75.94999694824219,77.98999786376953,155900.0,75.4638671875,77.31666564941406,-52.83820089114839,78.36499977111816,80.73875007629394,80.8634001159668,79.92059982299804,265735.0
2020-02-11,78.88999938964844,77.95999908447266,78.66000366210938,78.48999786376953,178800.0,75.94767761230469,78.44666544596355,34.26834006831642,78.25799980163575,80.60799999237061,80.80380004882812,79.90519981384277,265785.0
2020-02-12,80.19000244140625,78.91999816894531,79.44999694824219,79.55999755859375,345800.0,76.98302459716797,79.55666605631511,114.45402106207874,78.27849960327148,80.51599998474121,80.7783999633789,79.92319976806641,269070.0
2020-02-13,79.4000015258789,78.01000213623047,78.94000244140625,78.3499984741211,143100.0,75.81221771240234,78.58666737874348,34.10862139310876,78.24649963378906,80.40974998474121,80.7333999633789,79.92999977111816,269078.3333333333
2020-02-14,78.43000030517578,77.06999969482422,78.16999816894531,77.22000122070312,90200.0,74.71881866455078,77.57333374023438,-70.76634826220683,78.11799964904785,80.26399993896484,80.67419998168945,79.9156997680664,267603.3333333333
2020-02-18,77.80999755859375,75.94999694824219,76.87000274658203,77.68000030517578,201900.0,75.1639175415039,77.14666493733723,-103.04271623686128,78.13299980163575,80.1152500152588,80.61600006103515,79.9156997680664,267781.6666666667
2020-02-19,78.38999938964844,77.19000244140625,77.86000061035156,78.19999694824219,183000.0,75.66706848144531,77.92666625976562,-21.099354197026546,78.28699951171875,79.96849994659424,80.56179992675781,79.90819976806641,265386.6666666667
2020-02-20,80.44999694824219,78.0199966430664,78.0199966430664,80.11000061035156,252600.0,77.51520538330078,79.52666473388672,126.62724344215691,78.52749938964844,79.84774990081787,80.52459991455078,79.93189979553223,267215.0
2020-02-21,80.12000274658203,78.61000061035156,79.54000091552734,80.0199966430664,284100.0,77.42811584472656,79.58333333333333,85.2949994390437,78.4109992980957,79.72049980163574,80.48579986572265,79.9579997253418,270578.3333333333
2020-02-24,77.18000030517578,75.37999725341797,76.87000274658203,76.18000030517578,260000.0,73.7125015258789,76.24666595458984,-104.34156466585787,78.1384994506836,79.51424980163574,80.36779983520508,79.94449974060059,271130.0
2020-02-25,76.37000274658203,74.52999877929688,76.2699966430664,75.13999938964844,385800.0,72.70618438720703,75.34666697184245,-102.77008057088624,77.95749931335449,79.2629997253418,80.2099998474121,79.9378997039795,272796.6666666667
2020-02-26,75.91999816894531,73.97000122070312,75.91999816894531,74.79000091552734,535000.0,72.36752319335938,74.8933334350586,-76.15984415024253,77.73749923706055,79.0237497329712,80.0313998413086,79.95259971618653,278690.0
2020-02-27,74.97000122070312,70.5999984741211,72.69999694824219,72.11000061035156,279300.0,70.22503662109375,72.56000010172527,-120.52688874981243,77.40799942016602,78.76399974822998,79.80879989624023,79.93439971923829,281871.6666666667
2020-02-28,73.37000274658203,69.48999786376953,69.58000183105469,71.52999877929688,548000.0,69.66020202636719,71.46333312988281,-105.19322385823385,77.05649948120117,78.48099975585937,79.58739990234375,79.90569969177245,287995.0
2020-03-02,72.79000091552734,70.30000305175781,72.0199966430664,72.76000213623047,270900.0,70.85804748535156,71.9500020345052,-57.380383620968,76.8879997253418,78.2129997253418,79.3815998840332,79.89729972839355,289818.3333333333
2020-03-03,74.70999908447266,70.63999938964844,72.72000122070312,71.7300033569336,235300.0,69.85496520996094,72.36000061035156,-21.154604550896803,76.65399971008301,77.93049983978271,79.14360000610351,79.88609977722167,291316.6666666667
2020-03-04,73.66999816894531,71.18000030517578,72.98999786376953,73.5,210400.0,71.57870483398438,72.78333282470703,90.3225218963782,76.43749961853027,77.72424983978271,78.93220001220703,79.89329978942871,293126.6666666667
2020-03-05,72.30000305175781,71.1500015258789,71.33000183105469,71.95999908447266,335600.0,70.07895660400389,71.80333455403645,-44.80760314073287,76.07949943542481,77.4817497253418,78.67259994506836,79.87409980773926,296315.0
2020-03-06,71.87000274658203,69.34999847412111,69.77999877929689,70.62000274658203,334000.0,68.77398681640625,70.61333465576172,-154.8134194796666,75.71799964904785,77.21699981689453,78.38279998779296,79.8263998413086,299255.0
2020-03-09,66.13999938964844,61.459999084472656,65.22000122070311,61.95000076293945,502000.0,60.33061981201172,63.18333307902017,-166.66666666666762,74.99449977874755,76.74199991226196,77.93319999694825,79.68619983673096,305726.6666666667
2020-03-10,66.08000183105469,61.2599983215332,64.15000152587889,65.98999786376953,449300.0,64.26500701904297,64.44333267211914,-72.28535868772349,74.39449977874756,76.37974977493286,77.54919990539551,79.5893998336792,311226.6666666667
2020-03-11,64.75,59.97000122070313,63.88999938964844,60.349998474121094,376700.0,58.772438049316406,61.68999989827475,-79.8194403141457,73.48749980926513,75.87274980545044,77.06899986267089,79.44759983062744,315275.0
2020-03-12,58.63000106811523,51.97000122070313,54.52000045776367,55.56999969482422,526500.0,54.117393493652344,55.3900006612142,-141.35720009460158,72.28799991607666,75.28324975967408,76.53039985656739,79.25579982757569,322026.6666666667
2020-03-13,65.01999664306639,57.68000030517578,59.08000183105469,64.97000122070311,533700.0,63.27167510986328,62.556666056315095,30.349673920380358,71.61900005340576,74.9327498435974,76.17279991149903,79.1570998764038,327685.0
2020-03-16,59.5,56.09000015258789,57.25,56.790000915527344,646300.0,55.30550003051758,57.46000035603842,-61.121126234766855,70.59750003814698,74.35774984359742,75.6389998626709,78.96269985198974,333623.3333333333
2020-03-17,62.0099983215332,54.31999969482422,58.16999816894531,60.97999954223633,515500.0,59.38597106933594,59.10333251953125,-3.9499245895293873,69.7625,73.94774990081787,75.19799987792969,78.78509986877441,338785.0
2020-03-18,58.52999877929688,50.77999877929688,57.0,54.38999938964844,540600.0,52.96823501586914,54.56666564941406,-89.80174313074667,68.5720001220703,73.42949981689453,74.65079986572266,78.53489982604981,344253.3333333333
2020-03-19,59.31999969482422,52.22999954223633,54.56000137329102,57.2599983215332,435800.0,55.76321029663086,56.26999918619792,-50.532340520548,67.4295000076294,72.97849969863891,74.16279975891113,78.30899982452392,338920.0
2020-03-20,60.45000076293945,54.52999877929688,57.56999969482422,54.88999938964844,538600.0,53.45516586303711,56.62333297729492,-10.230936783911671,66.1730001449585,72.2919997215271,73.63639976501464,78.05129978179932,345748.3333333333
2020-03-23,56.43000030517578,50.68999862670898,54.75,54.81000137329102,436500.0,53.37725830078125,53.97666676839194,-96.72049344048472,65.10450019836426,71.62149982452392,73.11359985351562,77.78649978637695,348370.0
2020-03-24,61.290000915527344,57.08000183105469,58.5099983215332,59.47999954223633,403900.0,57.9251823425293,59.283334096272796,139.72467672645465,64.32150020599366,71.13949975967407,72.69359977722168,77.56319980621338,347411.6666666667
2020-03-25,62.9900016784668,56.68000030517578,58.11999893188477,60.290000915527344,527900.0,58.71400451660156,59.98666763305664,95.50847048136913,63.59650020599365,70.6669997215271,72.28679985046386,77.36409984588623,352078.3333333333
2020-03-26,63.290000915527344,60.099998474121094,60.5,62.13000106811523,338900.0,60.50591278076172,61.84000015258789,95.82509605886386,63.097500228881835,70.25274982452393,71.94639984130859,77.18989982604981,354068.3333333333
2020-03-27,60.4900016784668,57.5,59.02000045776367,58.43000030517578,220600.0,56.90262985229492,58.80666732788086,0.971821801734728,62.442500305175784,69.74949989318847,71.53519989013672,76.96279983520508,351693.3333333333
2020-03-30,61.45000076293945,55.43000030517578,58.290000915527344,60.540000915527344,272600.0,58.95747375488281,59.1400006612142,-50.76628573538617,61.83150024414063,69.35974998474121,71.15019989013672,76.74109985351562,352660.0
2020-03-31,62.68999862670898,60.11000061035156,60.1500015258789,62.56000137329102,297700.0,60.9246711730957,61.78666687011719,81.85316862035728,61.373000144958496,69.01349992752075,70.85379997253418,76.51919986724853,353471.6666666667
2020-04-01,61.02000045776367,57.0099983215332,59.66999816894531,58.2599983215332,316700.0,56.73707580566406,58.76333236694336,-62.237546879276884,60.611000061035156,68.52424983978271,70.5165998840332,76.25409988403321,354171.6666666667
2020-04-02,60.209999084472656,56.08000183105469,58.040000915527344,57.1500015258789,244800.0,55.65609359741211,57.81333414713541,-95.63415423700351,59.87050018310547,67.97499980926514,70.15359985351563,75.97619987487793,354400.0
2020-04-03,57.97000122070313,53.849998474121094,56.18999862670898,55.47999954223633,381700.0,54.02974319458008,55.76666641235352,-129.0832426103375,59.11350002288818,67.41574983596801,69.61619987487794,75.6870998764038,358411.6666666667
2020-04-06,60.1500015258789,56.11999893188477,58.02000045776367,59.75,457200.0,58.18812561035156,58.67333348592122,5.30246836758147,59.00349998474121,66.99899988174438,69.17859992980956,75.45179988861084,363123.3333333333
2020-04-07,64.70999908447266,60.72000122070313,61.72999954223633,64.44999694824219,508700.0,62.76526260375977,63.293332417806,166.666666666666,58.926499938964845,66.6604998588562,68.89239982604981,75.27559986114503,368100.0
2020-04-08,65.65000152587889,63.38999938964844,64.98000335693361,64.34999847412111,414700.0,62.66787719726562,64.46333312988281,95.90966036473353,59.12649993896484,66.306999874115,68.5955997467041,75.10899982452392,370340.0
2020-04-09,68.93000030517578,60.86000061035156,65.83000183105469,61.66999816894531,535700.0,60.05793380737305,63.81999969482422,54.74198396916175,59.4314998626709,65.85974988937377,68.25499977111816,74.91979984283448,370026.6666666667
2020-04-13,61.02000045776367,55.61000061035156,61.02000045776367,56.54999923706055,385700.0,55.07177352905274,57.72666676839194,-94.95058763109465,59.01049976348877,65.31474990844727,67.8147998046875,74.67859985351562,370030.0
2020-04-14,58.43000030517578,55.97000122070313,58.06999969482422,56.47000122070313,395400.0,54.99386596679688,56.956667582194,-91.53808252754621,58.99449977874756,64.79599990844727,67.4215998840332,74.43979988098144,365795.0
2020-04-15,55.88000106811523,51.41999816894531,54.0099983215332,54.79999923706055,599200.0,53.36751937866211,54.03333282470703,-94.3175301076845,58.68549976348877,64.22399988174439,66.98939979553222,74.16509990692138,370175.0
2020-04-16,55.31000137329102,53.25,54.38999938964844,54.88000106811523,426100.0,53.44542694091797,54.48000081380209,-72.2881549878566,58.70999984741211,63.640999984741214,66.53039978027344,73.88639991760255,369778.3333333333
2020-04-17,59.0,55.52000045776367,57.16999816894531,56.56000137329102,413600.0,55.08151245117188,57.02666727701822,45.76808796123578,58.675,63.0522500038147,66.07919975280761,73.62709995269775,369653.3333333333
2020-04-20,56.2400016784668,52.13000106811523,55.04999923706055,53.040000915527344,361800.0,51.653526306152344,53.80333455403647,-70.09941905482454,58.58250007629395,62.37775011062622,65.58299980163574,73.32899997711182,354980.0
2020-04-21,54.38999938964844,51.29999923706055,51.77999877929688,53.70000076293945,489500.0,52.2962760925293,53.12999979654947,-89.82801053544863,58.52700004577637,61.81575012207031,65.12859985351562,73.0323999786377,352196.6666666667
2020-04-22,55.27999877929688,53.20000076293945,55.08000183105469,53.45000076293945,209000.0,52.05281066894531,53.97666676839194,-33.20229707094714,58.22550010681152,61.27350015640259,64.63779991149903,72.7506000137329,345283.3333333333
2020-04-23,56.63000106811523,53.79999923706055,53.88999938964844,56.13000106811523,321100.0,54.662757873535156,55.52000045776367,43.65079205600888,58.01750011444092,60.807000160217285,64.19059997558594,72.49720001220703,347376.6666666667
2020-04-24,56.43000030517578,54.77999877929688,56.38999938964844,56.06999969482422,225600.0,54.60432052612305,55.75999959309897,91.65277235763591,57.71450004577637,60.4060001373291,63.72080001831055,72.24959999084473,348320.0
2020-04-27,59.2599983215332,56.31000137329102,56.31000137329102,58.93999862670898,314700.0,57.39929580688477,58.16999944051108,135.50750592710193,57.73999996185303,60.09125013351441,63.3326000213623,72.0329999923706,350086.6666666667
2020-04-28,61.7599983215332,59.2599983215332,60.68999862670898,60.31999969482422,379800.0,58.74322509765625,60.44666544596353,120.77357989234649,57.72899990081787,59.78025007247925,62.994599990844726,71.83439998626709,351395.0
2020-04-29,63.22999954223633,61.31000137329102,62.6500015258789,61.63000106811523,333700.0,60.01898193359375,62.05666732788086,106.7808738076214,57.68249988555908,59.52775001525879,62.67360000610351,71.64480003356934,352480.0
2020-04-30,60.54999923706055,59.0099983215332,60.22000122070313,59.29999923706055,410300.0,57.7498893737793,59.61999893188477,15.189728013457904,57.73449993133545,59.1727499961853,62.29560005187988,71.42869998931884,356061.6666666667
2020-05-01,58.54999923706055,56.77999877929688,57.68999862670898,57.56000137329102,398000.0,56.05537414550781,57.62999979654947,-96.68908310920685,57.75499992370605,58.812750053405765,61.84460006713867,71.18459999084473,359718.3333333333
2020-05-04,59.68000030517578,54.52000045776367,56.34000015258789,59.290000915527344,368300.0,57.740150451660156,57.83000055948892,-78.66913530779725,57.94549999237061,58.529500007629395,61.430000152587894,70.95790000915527,364010.0
2020-05-05,62.02000045776367,59.93999862670898,60.5,60.86000061035156,375900.0,59.26910781860352,60.93999989827475,58.551394182301465,58.001000022888185,58.502250003814694,61.1236001586914,70.74569999694825,367666.6666666667
2020-05-06,61.27000045776367,58.31000137329102,61.04999923706055,58.5099983215332,392000.0,56.98053359985352,59.363333384195954,17.73929087215204,57.704000091552736,58.31525001525879,60.7910001373291,70.5004999923706,371601.6666666667
2020-05-07,60.58000183105469,58.56000137329102,59.88999938964844,59.040000915527344,215300.0,57.49668502807617,59.39333470662436,23.181416094794212,57.438500213623044,58.28250007629394,60.4760001373291,70.25369998931885,372210.0
2020-05-08,61.45000076293945,59.41999816894531,60.29999923706055,61.31999969482422,202400.0,59.71708679199219,60.72999954223633,75.94103341068184,57.42100028991699,58.42625007629395,60.260200119018556,70.03450000762939,369820.0
2020-05-11,60.81999969482422,58.63999938964844,60.25,59.0099983215332,470900.0,57.46746444702149,59.489999135335296,-48.27146380060254,57.544000244140626,58.2772500038147,60.00980010986328,69.79860000610351,375283.3333333333
2020-05-12,59.29999923706055,56.81999969482422,58.81000137329102,56.81999969482422,206000.0,55.334716796875,57.646666208902985,-166.66666666666916,57.56150016784668,58.27799997329712,59.691000061035155,69.53629997253418,377213.3333333333
2020-05-13,56.06999969482422,53.9000015258789,56.06999969482422,54.5099983215332,200900.0,53.08510208129883,54.82666651407877,-137.21592743453692,57.547000122070315,58.11624994277954,59.34659996032715,69.24509998321533,377196.6666666667
2020-05-14,54.540000915527344,51.61999893188477,53.0,54.22999954223633,272600.0,52.81241226196289,53.46333312988281,-101.73885086070685,57.514500045776366,58.11224994659424,58.96119995117188,68.94669998168945,378690.0
2020-05-15,55.91999816894531,53.22999954223633,54.0099983215332,55.11999893188477,242900.0,53.67915344238281,54.7566655476888,-42.13300233445824,57.44249992370605,58.058749961853025,58.624399948120114,68.64849994659424,378528.3333333333
2020-05-18,59.81999969482422,57.59000015258789,57.9000015258789,59.459999084472656,226100.0,57.90570449829102,58.956666310628265,106.3480921813837,57.76349983215332,58.172999954223634,58.40119987487793,68.39199993133545,377561.6666666667
2020-05-19,59.9900016784668,57.43999862670898,58.72000122070313,57.45000076293945,170400.0,55.94824600219727,58.293333689371735,72.56075075268767,57.95099983215332,58.238999938964845,58.31119987487793,68.12219993591309,376068.3333333333
2020-05-20,61.040000915527344,58.81999969482422,58.81999969482422,60.84000015258789,269700.0,59.2496337890625,60.23333358764648,85.03812906552707,58.32049980163574,58.272999954223636,58.208199920654295,67.8786999130249,374133.3333333333
2020-05-21,61.90999984741211,60.38000106811523,60.47000122070313,61.56999969482422,249300.0,59.96055221557617,61.28666687011719,98.65973757692885,58.59249973297119,58.304999923706056,58.23259994506836,67.65079990386963,369371.6666666667
2020-05-22,62.13000106811523,60.88999938964844,61.84000015258789,61.88000106811523,219600.0,60.26244354248047,61.633333841959626,88.88635080476536,58.88299980163574,58.298749923706055,58.35879997253418,67.44459991455078,368376.6666666667
2020-05-26,65.48999786376953,61.86999893188477,64.26999664306639,62.2599983215332,382500.0,60.63251113891602,63.2066650390625,113.75444488846554,59.04899978637695,58.39449987411499,58.30459991455078,67.2386999130249,365618.3333333333
2020-05-27,66.83000183105469,63.959999084472656,63.959999084472656,66.65000152587889,313000.0,64.90775299072266,65.81333414713542,135.66769041415156,59.365499877929686,58.54724988937378,58.50179992675781,67.07039989471436,366320.0
2020-05-28,67.54000091552734,64.48999786376953,67.54000091552734,64.70999908447266,165600.0,63.018470764160156,65.57999928792317,78.89933294416888,59.51949977874756,58.60099983215332,58.57639991760254,66.88719989776611,365158.3333333333
2020-05-29,63.75,61.79999923706055,63.599998474121094,62.7400016784668,213100.0,61.0999641418457,62.763333638509124,-45.50243529837679,59.691499900817874,58.71299991607666,58.743399963378906,66.69709991455078,365203.3333333333
2020-06-01,63.18000030517578,61.81000137329102,63.18000030517578,61.88999938964844,239800.0,60.27218627929688,62.293333689371735,-77.32247278019003,59.90799980163574,58.831499862670896,58.835999984741214,66.49939987182617,363606.6666666667
2020-06-02,63.70000076293945,62.11999893188477,62.75,62.9000015258789,205300.0,61.25578308105469,62.90666707356772,-44.04065880673687,60.08849983215332,59.016999912261966,58.99620002746582,66.31629989624024,361461.6666666667
2020-06-03,65.56999969482422,64.26000213623047,64.26000213623047,65.05999755859375,213200.0,63.35931777954102,64.96333312988281,66.97092753341464,60.29849967956543,59.14974985122681,59.20119995117187,66.15739990234376,356648.3333333333
2020-06-04,67.55999755859375,63.61999893188477,64.20999908447266,66.93000030517578,273100.0,65.18042755126953,66.03666559855144,109.52751633752686,60.71949977874756,59.211749935150145,59.350199966430665,66.02189987182618,353711.6666666667
2020-06-05,71.54000091552734,68.51000213623047,69.90000152587889,68.76999664306639,295200.0,66.97233581542969,69.60666656494139,139.24740405607642,61.205999565124515,59.32224988937378,59.519799880981445,65.90329986572266,352353.3333333333
2020-06-08,70.44000244140625,68.05999755859375,69.76999664306639,68.98999786376953,285600.0,67.18659210205078,69.16333262125653,76.85108460887727,61.58949947357178,59.50524988174438,59.65699981689453,65.80169982910157,348338.3333333333
2020-06-09,68.65000152587889,66.68000030517578,67.34999847412111,67.80000305175781,206400.0,66.02770233154297,67.71000162760417,8.934605077116405,62.028999710083006,59.786499977111816,59.84439987182617,65.68979988098144,342883.3333333333
2020-06-10,67.27999877929689,64.80999755859375,67.27999877929689,65.37000274658203,220300.0,63.66122436523438,65.81999969482422,-88.52467491178378,62.456499862670896,60.00900001525879,59.94099990844727,65.54559989929199,335783.3333333333
2020-06-11,62.16999816894531,59.27000045776367,62.099998474121094,59.33000183105469,293300.0,57.77910232543945,60.25666681925456,-150.0783729426843,62.69750003814697,60.12225008010864,59.87639991760254,65.36509994506837,332080.0
2020-06-12,62.1500015258789,59.61000061035156,61.22999954223633,61.18000030517578,313700.0,60.06670761108398,60.98000081380209,-76.10172868166265,63.045000076293945,60.27975006103516,59.93479995727539,65.2256999206543,328298.3333333333
2020-06-15,62.40999984741211,58.59000015258789,58.66999816894531,61.6500015258789,162400.0,60.52815246582031,60.883333841959626,-51.50542537039188,63.371500205993655,60.40700006484985,60.02479995727539,65.0891999053955,323741.6666666667
2020-06-16,66.76999664306639,63.1500015258789,65.48000335693361,63.43000030517578,229000.0,62.27576065063477,64.44999949137369,61.84919581226388,63.57000026702881,60.666750049591066,60.18379997253418,64.89999992370605,318581.6666666667
2020-06-17,63.91999816894531,62.209999084472656,63.33000183105469,62.52000045776367,173600.0,61.38232040405274,62.88333257039389,46.57780786132888,63.82350025177002,60.88725004196167,60.23919998168945,64.70889995574952,314200.0
2020-06-18,63.52999877929688,61.41999816894531,61.7400016784668,62.2400016784668,206800.0,61.10741424560547,62.396666208902985,4.686353363208231,63.893500328063965,61.107000064849856,60.195000076293944,64.54369995117187,310915.0
2020-06-19,63.79999923706055,60.11999893188477,62.97999954223633,61.349998474121094,332100.0,60.23360824584961,61.7566655476888,-50.12116303291375,63.88250026702881,61.2375,60.13500007629395,64.36529991149902,307651.6666666667
2020-06-22,61.91999816894531,59.72999954223633,60.4900016784668,61.41999816894531,188400.0,60.30233383178711,61.02333196004233,-105.80043867191108,63.859500122070315,61.371249961853025,60.130000076293946,64.19249992370605,305143.3333333333
2020-06-23,62.34000015258789,60.16999816894531,62.34000015258789,61.599998474121094,299300.0,60.47906112670898,61.36999893188477,-57.02916392622637,63.82650012969971,61.43774995803833,60.231000061035154,64.02289993286132,306455.0
2020-06-24,61.16999816894531,59.25,60.79999923706055,59.33000183105469,282900.0,58.25037002563477,59.91666666666666,-139.38405510929888,63.460500144958495,61.41300001144409,60.28820007324219,63.8548999786377,306626.6666666667
2020-06-25,60.2599983215332,58.31999969482422,58.81000137329102,60.1500015258789,196300.0,59.05544662475586,59.57666651407877,-97.75969039726982,63.23250026702881,61.376000022888185,60.395200119018554,63.69229995727539,304936.6666666667
2020-06-26,60.08000183105469,56.81999969482422,59.709999084472656,57.08000183105469,520100.0,56.04131317138672,57.9933344523112,-135.354093135771,62.949500274658206,61.32050008773804,60.43920013427734,63.48479995727539,308326.6666666667
2020-06-29,61.52000045776367,57.79999923706055,58.16999816894531,60.56999969482422,252900.0,59.46780395507813,59.96333312988281,16.967424389524922,62.883500289916995,61.39575004577637,60.519400100708005,63.29929992675781,308461.6666666667
2020-06-30,61.65999984741211,59.9000015258789,59.90999984741211,60.97999954223633,234300.0,59.87034225463867,60.84666697184245,113.16563009544129,62.78750019073486,61.43800001144409,60.67820007324219,63.130599937438966,306005.0
2020-07-01,61.45000076293945,57.93000030517578,61.040000915527344,58.02000045776367,418000.0,56.96420288085938,59.133333841959626,-32.76555500716432,62.43550033569336,61.36700000762939,60.76460006713867,62.94659996032715,305351.6666666667
2020-07-02,60.84000015258789,58.47999954223633,59.4000015258789,59.13999938964844,480100.0,58.06382369995117,59.486666361490876,0.18084398890988004,62.04600028991699,61.382750034332275,60.878400039672854,62.758099975585935,304875.0
2020-07-06,61.599998474121094,59.70000076293945,60.790000915527344,61.18999862670898,206000.0,60.07651901245117,60.82999928792319,82.45013671894097,61.66700038909912,61.436499977111815,60.979599990844726,62.58509998321533,301396.6666666667
2020-07-07,60.31000137329102,58.29999923706055,60.02000045776367,58.36999893188477,241400.0,57.30783462524414,58.99333318074545,-73.50109356399334,61.13600044250488,61.36274995803833,61.02559997558594,62.373199996948244,296491.6666666667
2020-07-08,58.97999954223633,57.93999862670898,58.040000915527344,58.88999938964844,235000.0,57.81837463378906,58.60333251953125,-89.67520568303766,60.690500259399414,61.359749984741214,61.02459999084473,62.178600006103515,293980.0
2020-07-09,58.52999877929688,56.56000137329102,58.52999877929688,57.77000045776367,305800.0,56.71875381469727,57.62000020345053,-117.8024027638978,60.310500144958496,61.383500003814696,60.97360000610352,61.98409999847412,292486.6666666667
2020-07-10,60.349998474121094,58.209999084472656,58.2599983215332,60.06999969482422,295000.0,58.97690200805664,59.543332417806,33.166954890971944,60.347500038146975,61.52250003814697,60.942399978637695,61.807999992370604,287416.6666666667
2020-07-13,61.61000061035156,59.540000915527344,61.13000106811523,60.02999877929688,235400.0,58.93762969970703,60.393333435058594,121.10444514659956,60.28999996185303,61.667500019073486,60.956999969482425,61.62630001068115,284238.3333333333
2020-07-14,61.27000045776367,59.790000915527344,59.9000015258789,61.18000030517578,161900.0,60.06670761108398,60.74666722615561,89.6123604324024,60.26649990081787,61.81900005340576,61.029399948120115,61.43700000762939,280043.3333333333
2020-07-15,65.12000274658203,62.86000061035156,63.02999877929688,64.5,432300.0,63.32629013061523,64.16000111897786,155.8710076723033,60.319999885559085,61.945000076293944,61.13359992980957,61.28180004119873,281218.3333333333
2020-07-16,65.93000030517578,64.06999969482422,64.23000335693361,65.44999694824219,444000.0,64.25899505615234,65.14999898274739,98.86222393189738,60.466499710083006,62.144999980926514,61.225399856567385,61.1745000076294,280460.0
2020-07-17,66.08000183105469,63.08000183105469,65.90000152587889,63.290000915527344,260900.0,62.13830947875977,64.15000152587889,43.61705679293887,60.51899967193604,62.20625,61.32099990844726,61.056000022888185,281325.0
2020-07-20,63.04999923706055,61.22000122070313,62.66999816894531,62.4900016784668,344700.0,61.35286712646485,62.253334045410156,-48.301086628187726,60.57599983215332,62.229250049591066,61.38999992370606,60.933000030517576,281718.3333333333
2020-07-21,67.13999938964844,60.63999938964844,65.0,61.91999816894531,438600.0,60.793235778808594,63.23333231608072,-44.29581421629586,60.60099983215332,62.23024997711182,61.401999893188474,60.83110000610352,285268.3333333333
2020-07-22,62.97999954223633,61.13000106811523,61.13000106811523,62.84000015258789,218100.0,61.696495056152344,62.31666692097983,-74.83728925386524,60.66299991607666,62.244750022888184,61.47859992980957,60.74420001983643,283658.3333333333
2020-07-23,63.63000106811523,62.06000137329102,62.59000015258789,63.16999816894531,271800.0,62.02049255371094,62.953333536783845,-3.284858687322362,60.854999732971194,62.15774993896484,61.605599899291995,60.64829998016357,281858.3333333333
2020-07-24,63.79999923706055,62.31999969482422,63.27999877929688,62.86999893188477,145800.0,61.72594833374024,62.996665954589844,44.02285508109039,60.99099960327148,62.111749935150144,61.77279991149902,60.55969993591309,278726.6666666667
2020-07-27,62.63999938964844,61.5,62.63999938964844,62.40999984741211,199000.0,61.27432250976562,62.18333307902017,-94.74890915267258,61.25749950408935,62.10349988937378,61.936399917602536,60.44879993438721,275205.0
2020-07-28,62.45000076293945,61.33000183105469,61.849998474121094,61.63000106811523,225900.0,60.50851821899414,61.80333455403647,-102.88187298786801,61.310499572753905,62.096999931335446,62.066599960327146,60.345499954223634,272336.6666666667
2020-07-29,62.65999984741211,61.16999816894531,62.0,62.09000015258789,255900.0,60.96014404296875,61.97333272298178,-57.429370535404345,61.36599960327148,62.076749897003175,62.119199981689455,60.26019992828369,270463.3333333333
2020-07-30,61.209999084472656,59.81999969482422,60.86999893188477,60.79999923706055,241500.0,59.6936149597168,60.60999933878581,-153.6951276266056,61.50499954223633,61.97024993896484,62.18619995117187,60.2486999130249,268223.3333333333
2020-07-31,61.040000915527344,59.31999969482422,60.13999938964844,60.9900016784668,230900.0,59.88015747070313,60.45000076293945,-90.96103014862122,61.59749965667724,61.821749973297116,62.189199981689455,60.198699951171875,265538.3333333333
2020-08-03,61.22000122070313,59.93000030517578,61.22000122070313,60.83000183105469,245400.0,59.72307586669922,60.660001118977874,-46.401839306309974,61.57949981689453,61.62325010299683,62.17440002441406,60.203499984741214,266040.0
2020-08-04,62.4900016784668,60.38999938964844,60.38999938964844,61.72000122070313,193400.0,60.59687805175781,61.533334096272796,57.4388682917912,61.74699993133545,61.441500186920166,62.17120002746582,60.265,265890.0
2020-08-05,63.599998474121094,61.7599983215332,62.52999877929688,63.459999084472656,188300.0,62.305213928222656,62.93999862670898,142.06183753476645,61.97549991607666,61.333000087738036,62.19520004272461,60.24989997863769,261180.0
2020-08-06,64.36000061035156,63.02999877929688,63.02999877929688,64.02999877929689,154200.0,62.86483764648438,63.806666056315095,107.48257767944496,62.28849983215332,61.29949998855591,62.14279998779297,60.32229995727539,260316.66666666666
2020-08-07,64.83000183105469,63.56999969482422,63.61999893188477,64.80999755859375,156500.0,63.63064193725586,64.40333302815755,91.95650821668929,62.525499725341795,61.43649988174438,62.14479995727539,60.36059993743896,259576.66666666666
2020-08-10,67.36000061035156,64.91999816894531,64.91999816894531,66.58000183105469,160300.0,65.36843872070311,66.28666687011719,133.38329781005385,62.85299987792969,61.57149991989136,62.22159996032715,60.48249996185303,257705.0
2020-08-11,69.34999847412111,67.40000152587889,67.73999786376953,67.47000122070311,230200.0,66.24224853515625,68.07333374023439,119.1583718137885,63.16749992370605,61.71699991226196,62.333199996948245,60.58459999084473,257493.33333333334
2020-08-12,68.48999786376953,65.83000183105469,68.48999786376953,66.59999847412111,208100.0,65.38807678222656,66.97333272298178,49.18989453408097,63.27249984741211,61.796249866485596,62.407199935913084,60.70169998168945,257193.33333333334
2020-08-13,66.58000183105469,65.48000335693361,65.90000152587889,65.69000244140625,134300.0,64.49464416503906,65.91666920979817,-28.926641639057767,63.28450012207031,61.87549991607666,62.41980003356934,60.81049999237061,256591.66666666666
2020-08-14,67.83999633789061,64.87999725341797,65.23000335693361,66.97000122070311,136500.0,65.7513427734375,66.56333160400389,-21.837784260798895,63.4685001373291,61.993749904632566,62.42060005187988,60.885400009155276,254371.66666666666
2020-08-17,67.0,65.66000366210939,66.87999725341797,66.09999847412111,167400.0,64.89717102050781,66.25333404541016,-54.590188854673,63.648999977111814,62.11249990463257,62.36720008850098,60.94349998474121,253006.66666666666
2020-08-18,65.97000122070311,63.97000122070313,65.88999938964844,64.16999816894531,180700.0,63.00229263305664,64.70333353678386,-148.82002804696256,63.76149997711182,62.181249904632566,62.27080009460449,60.96389995574951,252358.33333333334
2020-08-19,65.91999816894531,64.45999908447266,64.48999786376953,65.33000183105469,164300.0,64.14118957519531,65.23666636149089,-54.27205442254913,63.886000061035155,62.27449998855591,62.22140007019043,61.0328999710083,248721.66666666666
2020-08-20,65.33000183105469,64.08999633789061,64.23000335693361,65.06999969482422,190000.0,63.88591766357422,64.82999928792317,-64.28486616732957,63.981000137329104,62.41799993515015,62.215400009155275,61.07819995880127,246671.66666666666
2020-08-21,65.13999938964844,63.9900016784668,64.69000244140625,64.61000061035156,145600.0,63.43428421020508,64.58000055948894,-72.16579042020584,64.06800022125245,62.52949991226196,62.32099998474121,61.098699951171874,246338.33333333334
2020-08-24,65.69000244140625,64.23999786376953,64.98000335693361,65.68000030517578,177800.0,64.48481750488281,65.20333353678386,78.84345872507123,64.23150024414062,62.74449987411499,62.41099998474121,61.1728999710083,245750.0
2020-08-25,66.72000122070311,65.51999664306639,66.44999694824219,66.0,140100.0,64.79899597167969,66.07999928792317,154.88560267340168,64.45000019073487,62.88024988174438,62.49799995422363,61.26139995574951,244088.33333333334
2020-08-26,66.37000274658203,64.76999664306639,65.70999908447266,66.16000366210939,200900.0,64.95607757568361,65.76666768391928,62.65411186984125,64.65350036621093,63.00974998474121,62.5526000213623,61.36819999694824,244015.0
2020-08-27,68.05999755859375,66.48999786376953,66.87999725341797,67.61000061035156,199700.0,66.37969970703125,67.38666534423828,141.87578020210864,64.99400043487549,63.24949998855591,62.65440002441406,61.446800003051756,243790.0
2020-08-28,68.61000061035156,67.20999908447266,67.95999908447266,68.19999694824219,165000.0,66.95895385742189,68.0066655476888,104.71856483073952,65.35450019836426,63.47599992752075,62.77359992980957,61.48430000305176,241988.33333333334
2020-08-31,68.43000030517578,66.27999877929689,67.98999786376953,66.87999725341797,262900.0,65.66297912597656,67.19666544596355,26.740408749821075,65.65699996948243,63.61824989318848,62.884199905395505,61.50959999084473,241450.0
2020-09-01,68.19999694824219,66.12000274658203,66.61000061035156,68.0,155800.0,66.76260375976561,67.43999989827472,33.588730250380365,65.97099990844727,63.85899991989136,63.0157999420166,61.572900009155276,239286.66666666666
2020-09-02,68.26000213623047,66.93000030517578,68.02999877929689,67.66000366210939,150300.0,66.42878723144531,67.61666870117189,25.77788226504983,66.18100013732911,64.07825002670288,63.13700004577637,61.68400005340576,238351.66666666666
2020-09-03,68.51000213623047,65.87999725341797,67.90000152587889,66.5,127400.0,65.28989410400389,66.96333312988281,-109.29442648548864,66.30450019836425,64.29650001525879,63.28040000915527,61.78430004119873,236803.33333333334
2020-09-04,67.87000274658203,65.36000061035156,67.83000183105469,66.52999877929689,181000.0,65.31935119628906,66.58666737874347,-124.02755989712723,66.39050025939942,64.4579999923706,63.407999954223634,61.90160003662109,234931.66666666666
2020-09-08,66.26999664306639,63.959999084472656,66.26999664306639,64.01999664306639,250700.0,62.85502243041992,64.74999745686847,-159.63228159852952,66.2625,64.55774993896485,63.54679985046387,61.992999992370606,233881.66666666666
2020-09-09,64.58000183105469,62.31999969482422,64.54000091552734,63.79999923706055,244000.0,62.6390266418457,63.56666692097983,-111.69694124885088,66.07899990081788,64.62324991226197,63.6113998413086,62.065399971008304,235241.66666666666
2020-09-10,64.40000152587889,62.33000183105469,63.7400016784668,62.63999938964844,278700.0,61.5001335144043,63.12333424886069,-87.91338995866428,65.88099994659424,64.57674989700317,63.64459983825684,62.16139995574951,236070.0
2020-09-11,63.56000137329102,62.27999877929688,62.95000076293945,62.959999084472656,172700.0,61.81431198120117,62.93333307902017,-71.046927201978,65.74449977874755,64.51449995040893,63.74339981079102,62.253999938964846,236055.0
2020-09-14,63.95000076293945,62.5099983215332,62.72000122070313,63.81999969482422,174900.0,63.140037536621094,63.42666625976562,-18.570125025176548,65.58699970245361,64.52774991989136,63.83699981689453,62.357699928283694,235523.33333333334
2020-09-15,65.08000183105469,63.790000915527344,64.40000152587889,63.86999893188477,147800.0,63.18950653076172,64.24666722615561,146.67163543561912,65.47549972534179,64.56224985122681,63.89059982299805,62.43509990692139,232451.66666666666
2020-09-16,66.12999725341797,63.97999954223633,63.97999954223633,64.69999694824219,256300.0,64.01065826416016,64.93666458129883,116.82837042159392,65.50199966430664,64.63174982070923,64.0171997833252,62.521399879455565,233583.33333333334
2020-09-17,65.91000366210939,63.7599983215332,63.91999816894531,65.87999725341797,163400.0,65.17808532714844,65.18333307902019,89.60638842467311,65.52949943542481,64.70774974822999,64.15699974060058,62.59079986572266,231318.33333333334
2020-09-18,67.20999908447266,65.11000061035156,66.93000030517578,65.52999877929689,483600.0,64.83181762695311,65.9499994913737,109.77103203013834,65.55249938964843,64.76674976348878,64.31219970703125,62.64289985656738,234663.33333333334
2020-09-21,63.9900016784668,61.36999893188477,63.9000015258789,62.11999893188477,247000.0,61.45814895629883,62.49333318074545,-144.6216115384284,65.4279993057251,64.74799976348876,64.35319969177246,62.64779983520508,235508.33333333334
2020-09-22,63.4000015258789,61.88000106811523,62.0099983215332,63.13000106811523,200500.0,62.45738983154297,62.803334554036454,-75.38457581808366,65.30049934387208,64.76599979400635,64.41519973754883,62.68609985351563,230181.66666666666
2020-09-23,63.77999877929688,62.290000915527344,63.0,62.31000137329102,194400.0,61.64612579345703,62.793333689371735,-50.877536932585315,65.11599941253662,64.78299980163574,64.43779975891113,62.73359985351563,229206.66666666666
2020-09-24,63.45000076293945,61.38999938964844,62.18000030517578,62.58000183105469,275400.0,61.91325378417969,62.47333399454752,-52.21186386269038,64.93699932098389,64.79524984359742,64.39939979553223,62.7664998626709,229891.66666666666
2020-09-25,63.2599983215332,61.68000030517578,61.93999862670898,62.86999893188477,204800.0,62.200157165527344,62.60333251953125,-15.152005560973313,64.69999923706055,64.84699983596802,64.34779983520508,62.78659984588623,226338.33333333334
2020-09-28,64.94999694824219,63.59000015258789,63.599998474121094,64.13999938964844,229300.0,63.456626892089844,64.22666549682617,166.66666666666382,64.49699935913085,64.92574977874756,64.3647998046875,62.842899856567385,222158.33333333334
2020-09-29,64.12999725341797,62.63999938964844,64.11000061035156,63.63999938964844,143500.0,62.961952209472656,63.469998677571624,40.43834292140785,64.33499946594239,64.99599971771241,64.38779975891113,62.88889984130859,221116.66666666666
2020-09-30,65.94000244140625,63.33000183105469,64.0,63.75,361400.0,63.07078170776367,64.34000142415364,86.44319409517652,64.12249946594238,65.04674968719482,64.42439979553222,62.91319984436035,223116.66666666666
2020-10-01,64.27999877929689,62.1500015258789,63.68000030517578,64.05000305175781,201300.0,63.36758804321289,63.4933344523112,-16.920305198890286,63.941999435424805,65.06149978637696,64.44859985351563,62.9635998916626,222555.0
2020-10-02,65.66000366210939,62.65999984741211,63.22999954223633,65.44000244140625,138100.0,64.74278259277344,64.58666865030925,86.6668278619262,63.88899955749512,65.09674987792968,64.49399993896485,63.04979991912842,219760.0
2020-10-05,67.33000183105469,66.02999877929689,66.33000183105469,66.90000152587889,124100.0,66.18722534179689,66.75333404541016,162.43176803443234,63.90749969482422,65.14899997711181,64.57459999084473,63.173699951171876,216911.66666666666
2020-10-06,68.58000183105469,66.40000152587889,67.83999633789061,66.58000183105469,207500.0,65.87063598632811,67.18666839599611,93.9667843227048,64.03549995422364,65.14899997711181,64.65800003051758,63.29719997406006,216446.66666666666
2020-10-07,68.51000213623047,67.13999938964844,67.33999633789061,68.27999877929689,162300.0,67.55252075195311,67.97666676839192,84.09887427467588,64.25949993133545,65.16924991607667,64.7909999847412,63.42879997253418,216453.33333333334
2020-10-08,69.25,67.72000122070311,69.25,68.69999694824219,115200.0,67.96804046630861,68.55666605631511,95.91815218993356,64.56249980926513,65.22174987792968,64.9231999206543,63.52119995117187,211168.33333333334
2020-10-09,69.26999664306639,67.55999755859375,69.20999908447266,67.81999969482422,153600.0,67.09741973876953,68.21666463216145,51.938522786999734,64.80549983978271,65.27499980926514,65.06359992980957,63.62489994049072,206328.33333333334
2020-10-12,69.31999969482422,67.5,67.98000335693361,68.37999725341797,193500.0,67.65145111083984,68.39999898274739,57.08079848605222,65.0334997177124,65.31024971008301,65.21139984130859,63.70029991149902,205205.0
2020-10-13,68.19000244140625,66.59999847412111,67.51999664306639,66.63999938964844,213900.0,65.92998504638672,67.14333343505861,-152.96356890316548,65.17199974060058,65.3237497329712,65.32759979248047,63.75099990844726,203025.0
2020-10-14,68.37000274658203,66.26000213623047,66.62999725341797,68.01000213623047,160300.0,67.28539276123047,67.54666900634766,-56.55847190258796,65.3375,65.41974983215331,65.45339981079101,63.81229991912842,198386.66666666666
2020-10-15,68.95999908447266,66.91000366210939,67.45999908447266,68.66000366210939,122500.0,67.92847442626953,68.17666880289714,42.29641929562204,65.47650032043457,65.50299987792968,65.55739990234375,63.87629997253418,196793.33333333334
2020-10-16,69.83999633789061,68.30000305175781,68.47000122070311,68.94999694824219,124400.0,68.21537780761719,69.02999877929689,113.23681765264703,65.64750022888184,65.59999980926514,65.65579986572266,63.89929992675781,194336.66666666666
2020-10-19,70.45999908447266,68.22000122070311,69.31999969482422,68.33999633789061,221200.0,67.61186981201172,69.0066655476888,82.17270476877853,65.95850009918213,65.69324970245361,65.72639984130859,63.935599899291994,195593.33333333334
2020-10-20,76.72000122070312,68.86000061035156,75.0,69.38999938964844,450000.0,68.65068817138672,71.6566670735677,166.66666666666578,66.2715000152588,65.78599967956544,65.78259979248047,64.0020998764038,199776.66666666666
2020-10-21,69.55000305175781,68.0,68.83999633789061,68.01000213623047,209100.0,67.28539276123047,68.52000172932942,-53.110892008360246,66.55650005340576,65.8362497329712,65.79339981079102,64.06329990386963,199496.66666666666
2020-10-22,69.48000335693361,67.91999816894531,68.58000183105469,69.23999786376953,237000.0,68.50228881835939,68.87999979654947,-40.11518254483509,66.8894998550415,65.91324958801269,65.84619979858398,64.12669986724853,199181.66666666666
2020-10-23,70.0,69.06999969482422,69.87000274658203,69.65000152587889,195100.0,68.90792846679689,69.57333374023439,3.5243760248896847,67.2284999847412,65.96424961090088,65.92539978027344,64.17259990692139,198408.33333333334
2020-10-26,68.73000335693361,67.48999786376953,68.73000335693361,68.66999816894531,171600.0,67.93836212158203,68.29666646321614,-73.77794221845329,67.45499992370605,65.97599964141845,65.95939971923828,64.18999988555908,197420.0
2020-10-27,68.80000305175781,67.63999938964844,68.44999694824219,68.51999664306639,143500.0,67.78996276855469,68.31999969482422,-65.20326560868692,67.69899978637696,66.01699962615967,66.00779968261719,64.18749988555908,195721.66666666666
2020-10-28,67.79000091552734,65.84999847412111,66.84999847412111,66.0,217500.0,65.29681396484375,66.54666646321614,-163.89911146195803,67.81149978637696,65.96699962615966,66.04439971923829,64.15759990692139,196123.33333333334
2020-10-29,68.11000061035156,65.0,65.61000061035156,67.76999664306639,203800.0,67.04795074462889,66.95999908447266,-68.81209558197983,67.99749946594238,65.9697494506836,66.09319961547851,64.15729984283448,196381.66666666666
2020-10-30,69.13999938964844,67.48000335693361,67.54000091552734,68.27999877929689,178500.0,67.55252075195311,68.3000005086263,55.058504291508505,68.13949928283691,66.01424942016601,66.15739959716797,64.18639980316162,196786.66666666666
2020-11-02,70.43000030517578,68.97000122070311,69.06999969482422,70.34999847412111,213100.0,69.6004638671875,69.91666666666667,126.65955994654075,68.31199913024902,66.10974941253662,66.27219955444336,64.29659976959229,197730.0
2020-11-03,73.70999908447266,71.66000366210938,71.70999908447266,73.37999725341797,292800.0,72.59818267822266,72.91666666666667,133.56102977132716,68.6519989013672,66.34374942779542,66.4261994934082,64.41859973907471,199938.33333333334
2020-11-04,72.1500015258789,69.26000213623047,71.44999694824219,69.69999694824219,258700.0,68.95738983154297,70.37000020345052,27.3647997748487,68.72299880981446,66.49124937057495,66.50019943237305,64.49909969329833,200413.33333333334
2020-11-05,73.1500015258789,70.16999816894531,70.16999816894531,72.44000244140625,238200.0,71.66819763183594,71.92000071207683,59.37962458373286,68.90999908447266,66.7362494468689,66.62579940795898,64.58919971466065,200915.0
2020-11-06,73.48999786376953,71.9000015258789,72.6500015258789,71.95999908447266,202200.0,71.19330596923828,72.4499994913737,56.83840284415171,69.11699905395508,66.96124944686889,66.7127993774414,64.68359970092773,202046.66666666666
2020-11-09,81.68000030517578,77.16999816894531,78.20999908447266,77.31999969482422,416000.0,76.49620056152344,78.72333272298177,166.6666666666656,69.56399917602539,67.2987494468689,66.89519943237305,64.83439968109131,206705.0
2020-11-10,80.5999984741211,77.66999816894531,78.30999755859375,79.81999969482422,279700.0,78.96956634521484,79.3633321126302,89.28836794502838,70.22299919128417,67.69749946594239,67.15399948120117,65.01909969329834,208576.66666666666
2020-11-11,80.04000091552734,77.73999786376953,80.04000091552734,79.5999984741211,179000.0,78.75190734863281,79.12666575113933,56.676079229668034,70.80249900817871,68.06999950408935,67.3859994506836,65.20089969635009,208548.33333333334
2020-11-12,79.08000183105469,76.33999633789062,78.5199966430664,77.41999816894531,187000.0,76.59513092041016,77.6133321126302,5.261044441970972,71.24049873352051,68.35849952697754,67.58119934082032,65.35909969329833,208926.66666666666
2020-11-13,79.55000305175781,78.11000061035156,78.30000305175781,78.83999633789062,123500.0,78.00000762939453,78.83333333333333,14.981387469685938,71.73499870300293,68.69124946594238,67.82799926757812,65.5541996383667,207818.33333333334
2020-11-16,83.7300033569336,80.18000030517578,80.9000015258789,81.69999694824219,218000.0,80.82952880859375,81.87000020345052,166.53393898483785,72.4029987335205,69.18074941635132,68.13139923095703,65.76969959259033,209025.0
2020-11-17,81.81999969482422,79.47000122070312,80.6500015258789,80.44999694824219,176800.0,79.59284973144531,80.57999928792317,50.1611286207504,72.9559986114502,69.61374931335449,68.45999923706054,66.00339954376221,209008.33333333334
2020-11-18,81.98999786376953,79.61000061035156,80.98999786376953,79.69999694824219,220200.0,78.85083770751953,80.43333180745442,28.78107105059555,73.54049835205078,70.04849920272827,68.77799919128418,66.19469951629638,210343.33333333334
2020-11-19,80.16000366210938,77.66999816894531,79.11000061035156,80.08000183105469,189700.0,79.22679901123047,79.30333455403645,-66.08936720992935,74.08249855041504,70.48599920272827,69.1267992401123,66.38569953918457,210156.66666666666
2020-11-20,79.9000015258789,78.66999816894531,79.80000305175781,79.58999633789062,163800.0,78.74201202392578,79.38666534423828,-79.75260015409202,74.57949829101562,70.90399913787842,69.45939918518066,66.60139949798584,209558.33333333334
2020-11-23,83.05999755859375,79.73999786376953,80.5,82.61000061035156,172900.0,81.72984313964844,81.80333201090495,130.8818822271312,75.27649841308593,71.365749168396,69.83519920349121,66.83609951019287,209690.0
2020-11-24,84.95999908447266,83.23999786376953,84.16000366210938,83.48999786376953,268500.0,82.6004638671875,83.89666493733723,129.5968937455395,76.02499847412109,71.86199913024902,70.22759918212891,67.05909950256347,209783.33333333334
2020-11-25,82.81999969482422,80.87000274658203,82.81999969482422,81.26000213623047,118800.0,80.39423370361328,81.6500015258789,19.771064437428148,76.78799858093262,72.29974918365478,70.55879928588867,67.28799953460694,209166.66666666666
2020-11-27,81.33999633789062,80.19000244140625,80.83000183105469,81.31999969482422,55600.0,80.45358276367188,80.9499994913737,-35.751951901076666,77.4654987335205,72.73149909973145,70.8675993347168,67.51229953765869,207588.33333333334
2020-11-30,80.76000213623047,79.0199966430664,80.63999938964844,79.76000213623047,191600.0,78.91020965576172,79.84666697184245,-120.67874148226578,78.03949890136718,73.08949909210205,71.15219940185547,67.73219955444335,208658.33333333334
2020-12-01,81.86000061035156,79.81999969482422,81.12000274658203,80.05999755859375,123100.0,79.2070083618164,80.57999928792317,-48.28775109301132,78.52499885559082,73.41849899291992,71.51099937438966,67.93209953308106,207693.33333333334
2020-12-02,82.4000015258789,79.37999725341797,79.7699966430664,81.63999938964844,196400.0,80.77017974853516,81.13999938964844,41.21854243062822,78.93799896240235,73.79499893188476,71.88119934082032,68.14819953918457,206788.33333333334
2020-12-03,82.36000061035156,80.79000091552734,81.9000015258789,81.7300033569336,120700.0,80.85921478271484,81.62666829427083,108.07168432116836,79.53949928283691,74.13124904632568,72.26959938049316,68.35369956970214,204733.33333333334
2020-12-04,84.9800033569336,82.33999633789062,82.33999633789062,84.83000183105469,87900.0,83.92618560791016,84.0500005086263,155.9925664231809,80.15899925231933,74.534499168396,72.71459938049317,68.5569995880127,201553.33333333334
2020-12-07,86.47000122070312,84.47000122070312,84.8499984741211,86.41000366210938,216800.0,85.4893569946289,85.78333536783855,115.000505318068,80.88149948120117,74.99924926757812,73.18539947509765,68.76659965515137,202288.33333333334
2020-12-08,87.97000122070312,85.04000091552734,85.33000183105469,86.55000305175781,263800.0,85.62786865234375,86.52000172932941,92.05135429537235,81.34299964904785,75.45349941253662,73.63359954833984,68.99919967651367,203770.0
2020-12-09,88.81999969482422,85.76000213623047,87.37999725341797,85.91999816894531,297000.0,85.00457763671875,86.83333333333331,73.38244892976734,81.6479995727539,75.93549938201905,74.07919952392578,69.23349964141846,206256.66666666666
2020-12-10,85.43000030517578,84.16999816894531,85.2699966430664,85.20999908447266,184300.0,84.30213928222656,84.93666585286458,-50.67773954591417,81.92849960327149,76.3654993057251,74.50839950561523,69.46639965057373,205056.66666666666
2020-12-11,85.30000305175781,84.38999938964844,84.5199966430664,85.0,209700.0,84.09437561035156,84.89666748046875,-84.71800968099461,82.30749969482422,76.77399921417236,74.92739944458008,69.68799964904785,205828.33333333334
2020-12-14,86.56999969482422,83.16999816894531,86.08000183105469,83.19000244140625,173100.0,82.77108001708984,84.31000010172527,-84.1826935365825,82.525,77.12999935150147,75.28239944458008,69.88819969177246,200653.33333333334
2020-12-15,84.19999694824219,83.23999786376953,83.91000366210938,83.83999633789062,218600.0,83.41780090332031,83.75999704996745,-104.92535834860638,82.63199996948242,77.51749935150147,75.62119934082031,70.09789966583251,200180.0
2020-12-16,84.0999984741211,82.62000274658203,84.0999984741211,83.19000244140625,203500.0,82.77108001708984,83.30333455403645,-110.14534302087941,82.76900024414063,77.86249942779541,75.95339935302735,70.30569969177246,200230.0
2020-12-17,83.48999786376953,82.37999725341797,83.19000244140625,83.08999633789062,207000.0,82.67157745361328,82.98666381835938,-95.81864074119713,82.93850021362304,78.23949928283692,76.24959930419922,70.52029964447021,200440.0
2020-12-18,83.76000213623047,82.02999877929688,83.58999633789062,82.72000122070312,653900.0,82.3034439086914,82.83666737874348,-84.31251834059697,83.07050018310547,78.57649936676026,76.52999938964844,70.72659965515136,206748.33333333334
2020-12-21,83.62999725341797,81.08999633789062,81.08999633789062,83.12999725341797,566300.0,82.71137237548828,82.61666361490886,-93.58102971723507,83.24750022888183,78.91349925994874,76.83619934082031,70.94989963531494,212773.33333333334
2020-12-22,83.80000305175781,82.44000244140625,83.55000305175781,83.19999694824219,145900.0,82.78102111816406,83.14666748046875,55.92432007635941,83.27700004577636,79.27674922943115,77.1325993347168,71.1719995880127,211383.33333333334
2020-12-23,84.66999816894531,82.70999908447266,83.44999694824219,84.12000274658203,121900.0,83.69639587402344,83.83333333333333,153.8037443630551,83.30850028991699,79.66674938201905,77.48219940185547,71.40489959716797,211023.33333333334
2020-12-24,84.4800033569336,83.69000244140625,84.4000015258789,84.36000061035156,68700.0,83.9351806640625,84.17666880289714,104.27861115175872,83.46350021362305,80.12574939727783,77.8091993713379,71.63129959106445,206145.0
2020-12-28,85.66999816894531,84.37999725341797,84.91999816894531,84.73999786376953,129500.0,84.31327056884766,84.92999776204427,115.37938124877495,83.6345001220703,80.54999942779541,78.13079925537109,71.84409957885742,204948.33333333334
2020-12-29,84.9800033569336,83.20999908447266,84.88999938964844,83.41000366210938,111400.0,82.9899673461914,83.86666870117188,-18.364728536242087,83.81700019836425,80.92824954986573,78.41999938964844,72.03789962768555,204503.33333333334
2020-12-30,84.8499984741211,83.75,83.76000213623047,84.18000030517578,93700.0,83.75608825683594,84.25999959309895,10.18911650568188,84.02300033569335,81.2739995956421,78.73679946899414,72.23159965515137,203996.66666666666
2020-12-31,84.11000061035156,83.0,83.9800033569336,83.18000030517578,134300.0,82.76112365722656,83.43000030517578,-120.89949993165287,84.10000038146973,81.51899967193603,79.01259948730468,72.39759963989258,202776.66666666666
2021-01-04,83.73999786376953,80.76000213623047,83.70999908447266,82.26000213623047,214100.0,81.84576416015625,82.25333404541016,-137.42798276543593,84.12650032043457,81.83299980163574,79.2975994873047,72.54549964904785,203640.0
2021-01-05,84.22000122070312,82.0,82.0,83.12999725341797,213400.0,82.71137237548828,83.11666615804036,-31.969000197544013,84.04150009155273,82.10024967193604,79.57539947509765,72.71079963684082,205276.66666666666
2021-01-06,87.33000183105469,84.30000305175781,84.76000213623047,86.86000061035156,291500.0,86.42259216308594,86.163335164388,141.34769318617066,84.06399993896484,82.47274971008301,79.91959945678711,72.92249961853027,207575.0
2021-01-07,88.06999969482422,86.7699966430664,87.04000091552734,87.66999816894531,232600.0,87.228515625,87.50333150227863,107.19366802249651,84.11999969482422,82.73149967193604,80.2995994567871,73.12949958801269,208226.66666666666
2021-01-08,88.20999908447266,86.73999786376953,88.20999908447266,87.4800033569336,182000.0,87.03947448730469,87.47666676839191,69.20922177778132,84.19799995422363,82.92299976348878,80.67879959106445,73.34329963684083,207695.0
2021-01-11,88.76000213623047,86.26000213623047,86.26000213623047,88.05999755859375,138000.0,87.61654663085938,87.69333394368488,62.00817298452553,84.34049987792969,83.13449974060059,81.11999954223633,73.5821996307373,207323.33333333334
2021-01-12,90.56999969482422,88.23999786376953,88.36000061035156,90.05999755859375,216600.0,89.60647583007812,89.62333170572919,166.55161602508528,84.59349975585937,83.4504997253418,81.56579956054688,73.8294995880127,208891.66666666666
2021-01-13,90.18000030517578,87.8499984741211,90.05999755859375,87.88999938964844,122600.0,87.44740295410156,88.63999938964844,39.94590030488866,84.82849960327148,83.67674980163574,81.9579995727539,74.05769958496094,208861.66666666666
2021-01-14,89.52999877929688,87.79000091552734,88.63999938964844,88.91000366210938,95200.0,88.46227264404297,88.74333445231122,30.18437463705916,85.08199996948242,83.85699996948242,82.32919967651367,74.30069961547852,206761.66666666666
2021-01-15,89.91999816894531,86.13999938964844,87.68000030517578,89.56999969482422,213800.0,89.11894989013672,88.54333241780597,-16.417387471592747,85.40099983215332,84.08500003814697,82.6529997253418,74.539599609375,202825.0
2021-01-19,92.11000061035156,90.04000091552734,90.43000030517578,90.20999908447266,223500.0,89.75572204589844,90.7866668701172,135.02794733500812,85.75699996948242,84.34775009155274,83.06319976806641,74.78169960021972,203065.0
2021-01-20,90.2699966430664,88.16999816894531,90.02999877929688,89.29000091552734,206700.0,88.8403549194336,89.24333190917969,5.2609185905327545,86.08549995422364,84.57800006866455,83.40019973754883,75.01299957275391,202560.0
2021-01-21,89.68000030517578,87.62999725341797,89.68000030517578,87.68000030517578,186500.0,87.23846435546875,88.32999928792316,-75.21019366282498,86.31300010681153,84.78025016784667,83.71459976196289,75.21369956970214,202416.66666666666
2021-01-22,88.2300033569336,85.05000305175781,86.44999694824219,88.01000213623047,192900.0,87.56680297851562,87.09666951497394,-116.82656657677559,86.55350036621094,84.91525020599366,83.92839981079102,75.41179962158203,202771.66666666666
2021-01-25,89.38999938964844,86.61000061035156,87.83000183105469,89.31999969482422,201300.0,88.87020874023438,88.43999989827472,-22.884664831934362,86.81350021362304,85.06100025177003,84.11839981079102,75.6361996459961,203735.0
2021-01-26,89.62999725341797,88.16000366210938,89.62999725341797,88.9000015258789,205900.0,88.45232391357422,88.89666748046875,59.996902403151,87.04050025939941,85.25200023651124,84.30439987182618,75.84519966125488,203541.66666666666
2021-01-27,93.38999938964844,85.91000366210938,87.08000183105469,91.4000015258789,521300.0,90.93973541259766,90.23333485921222,141.00795235312356,87.37350044250488,85.50400028228759,84.58399993896484,76.08259963989258,208833.33333333334
2021-01-28,90.7300033569336,87.2699966430664,88.72000122070312,88.37000274658203,577800.0,87.92499542236328,88.79000091552734,8.908125706214,87.62150039672852,85.71925029754638,84.77460006713868,76.30129966735839,215488.33333333334
2021-01-29,94.8000030517578,87.91999816894531,88.7699966430664,92.8000030517578,839000.0,92.33268737792969,91.84000142415363,131.26489423217345,88.05250053405761,86.03775043487549,84.99660018920899,76.56399971008301,225920.0
2021-02-01,92.91999816894531,89.9000015258789,92.04000091552734,92.5,499400.0,92.03419494628906,91.77333323160809,81.48143878198171,88.51850051879883,86.30925045013427,85.23760025024414,76.84879974365235,229363.33333333334
2021-02-02,93.5999984741211,91.63999938964844,93.5999984741211,92.41000366210938,215700.0,91.94464874267578,92.55000050862628,82.62326217452838,89.02600059509277,86.57625045776368,85.49180038452148,77.13489978790284,228646.66666666666
2021-02-03,92.69000244140624,90.79000091552734,92.02999877929688,92.1999969482422,179500.0,91.73570251464844,91.8933334350586,33.85885256704012,89.47950057983398,86.76050033569337,85.73420028686523,77.43049976348877,227668.33333333334
2021-02-04,93.6500015258789,91.04000091552734,92.3000030517578,93.58999633789062,286200.0,93.1186981201172,92.75999959309894,101.12987512096905,89.81600036621094,86.94000015258788,86.01420028686523,77.73679973602295,229068.33333333334
2021-02-05,95.87999725341795,93.66000366210938,94.8000030517578,95.62000274658205,241800.0,95.13848114013672,95.05333455403644,166.6666666666646,90.21350059509277,87.1667501449585,86.27440032958984,78.05479976654053,226165.0
2021-02-08,98.81999969482422,96.11000061035156,96.47000122070312,97.79000091552734,188400.0,97.29755401611328,97.57333374023438,128.0649206963482,90.72900047302247,87.46350021362305,86.560400390625,78.39399978637695,224643.33333333334
2021-02-09,99.18000030517578,96.9499969482422,97.83000183105469,97.62999725341795,198300.0,97.13835906982422,97.91999816894531,88.45203368193272,91.20750045776367,87.77400016784668,86.88780029296875,78.72329978942871,224965.0
2021-02-10,98.33999633789062,96.47000122070312,98.08000183105469,96.7699966430664,199000.0,96.28268432617188,97.1933314005534,41.53998349360063,91.54300041198731,88.06825008392335,87.1968002319336,79.0321997833252,225165.0
2021-02-11,97.8000030517578,95.5199966430664,97.41000366210938,97.12999725341795,144000.0,96.64087677001952,96.81666564941406,-8.080157412058119,92.00500030517578,88.41674995422363,87.54420013427735,79.34819976806641,225506.66666666666
2021-02-12,99.0,96.70999908447266,96.70999908447266,98.93000030517578,139500.0,98.43181610107422,98.2133331298828,103.71517271624194,92.5060001373291,88.79400005340577,87.92160018920899,79.71629978179932,224198.33333333334
2021-02-16,100.62999725341795,98.4800033569336,99.4800033569336,98.48999786376952,187100.0,97.99402618408205,99.19999949137372,128.45748197110962,92.95200004577637,89.17649993896484,88.25860015869141,80.06989974975586,224370.0
2021-02-17,98.37000274658205,95.93000030517578,97.91999816894531,96.44000244140624,276500.0,95.95435333251952,96.913335164388,-60.45524337352438,93.26350021362305,89.51025009155273,88.55280014038085,80.41119976043701,225308.33333333334
2021-02-18,96.91000366210938,95.04000091552734,96.1500015258789,96.30999755859376,198100.0,95.82500457763672,96.08666737874347,-89.85545633393833,93.61450004577637,89.85,88.78240005493164,80.7484997177124,225448.33333333334
2021-02-19,99.51000213623048,95.58000183105469,95.58000183105469,99.41999816894531,208000.0,98.91934204101562,98.17000071207684,31.05026171626473,94.20149993896484,90.25725002288819,89.04259994506836,81.11399971008301,226185.0
2021-02-22,101.16000366210938,98.36000061035156,98.91999816894531,99.04000091552734,165300.0,98.541259765625,99.52000172932941,86.94188243284512,94.75299987792968,90.65325012207032,89.29239990234375,81.4629997253418,226058.33333333334
2021-02-23,99.0,97.47000122070312,98.44000244140624,98.63999938964844,231100.0,98.14327239990234,98.3700002034505,35.44202650917559,95.2189998626709,91.01625003814698,89.54679992675781,81.8129997253418,225435.0
2021-02-24,100.26000213623048,98.31999969482422,99.27999877929688,99.29000091552734,187600.0,98.79000091552734,99.29000091552734,72.09279583666356,95.73849983215332,91.38950004577637,89.8283999633789,82.16839973449707,226581.66666666666
2021-02-25,99.4000015258789,96.06999969482422,98.83000183105469,96.06999969482422,190600.0,96.06999969482422,97.18000030517578,-122.91431754820688,95.97199974060058,91.67275009155273,90.0497999572754,82.48859970092774,228831.66666666666
2021-02-26,97.18000030517578,94.79000091552734,95.9000015258789,95.43000030517578,228200.0,95.43000030517578,95.80000050862628,-120.62255472404779,96.32499961853027,91.97325000762939,90.29459991455079,82.78849967956543,229441.66666666666
2021-03-01,98.9800033569336,97.06999969482422,97.13999938964844,98.38999938964844,192000.0,98.38999938964844,98.14666748046876,25.60057562256555,96.6044994354248,92.32849998474121,90.58559997558594,83.10339965820313,230590.0
2021-03-02,98.33999633789062,96.04000091552734,98.2699966430664,96.27999877929688,163200.0,96.27999877929688,96.88666534423828,-38.033480212085365,96.79349937438965,92.65599994659424,90.84739990234375,83.40039962768554,230036.66666666666
2021-03-03,98.66999816894531,96.22000122070312,96.5999984741211,96.62000274658205,153800.0,96.62000274658205,97.17000071207684,16.025688050952375,97.00399932861328,93.01499996185302,91.11800003051758,83.6837996673584,230588.33333333334
2021-03-04,97.95999908447266,94.27999877929688,96.5,95.58000183105469,212000.0,95.58000183105469,95.93999989827472,-76.98357816052223,97.17299957275391,93.32625007629395,91.37520004272461,83.95259971618653,232656.66666666666
2021-03-05,97.62999725341795,95.33999633789062,97.08000183105469,97.4800033569336,249600.0,97.4800033569336,96.81666564941406,-21.92770367001368,97.36749992370605,93.5917501449585,91.66220016479492,84.24919975280761,233203.33333333334
2021-03-08,99.98999786376952,97.5999984741211,98.2699966430664,97.83999633789062,227700.0,97.83999633789062,98.47666422526044,154.47137586852952,97.47849960327149,93.84600009918213,91.95500015258789,84.54379974365234,232601.66666666666
2021-03-09,98.33999633789062,96.36000061035156,98.04000091552734,96.52999877929688,148900.0,96.52999877929688,97.076665242513,-2.215158485940912,97.41549949645996,94.0722499847412,92.20320007324219,84.84269973754883,230133.33333333334
2021-03-10,97.98999786376952,96.04000091552734,96.5999984741211,97.87000274658205,180700.0,97.87000274658205,97.30000050862628,19.356396297127386,97.42749977111816,94.31750011444092,92.4734001159668,85.14129974365234,230073.33333333334
2021-03-11,100.44000244140624,96.8499984741211,98.23999786376952,99.4000015258789,144500.0,99.4000015258789,98.89666748046876,101.31292661687715,97.55900001525879,94.55100021362304,92.76660018920899,85.44869972229004,228986.66666666666
2021-03-12,101.33999633789062,99.61000061035156,100.01000213623048,100.9800033569336,110700.0,100.9800033569336,100.6433334350586,139.69189925240795,97.75150032043457,94.87825031280518,93.11800018310547,85.76899978637695,227946.66666666666
2021-03-15,100.70999908447266,97.62999725341795,100.70999908447266,98.2300033569336,204000.0,98.2300033569336,98.8566665649414,18.419115756117357,97.71650047302246,95.11125030517579,93.39900024414062,86.06789985656738,227703.33333333334
2021-03-16,98.37000274658205,96.62000274658205,97.79000091552734,97.22000122070312,135400.0,97.22000122070312,97.40333557128906,-79.9386185983216,97.65300064086914,95.30250034332275,93.67980026245117,86.34619987487793,226568.33333333334
2021-03-17,98.1500015258789,95.26000213623048,97.5,95.56999969482422,184900.0,95.56999969482422,96.32666778564452,-112.08435790730586,97.60950050354003,95.43650035858154,93.94600021362305,86.62179985046387,226200.0
2021-03-18,95.62999725341795,90.68000030517578,95.05999755859376,90.68000030517578,487600.0,90.68000030517578,92.32999928792316,-143.1565286146303,97.32800064086913,95.47125034332275,94.0970002746582,86.83619987487793,223428.33333333334
2021-03-19,92.9000015258789,88.44999694824219,91.43000030517578,88.44999694824219,962500.0,88.44999694824219,89.93333180745441,-109.35012289847471,96.77950057983398,95.49050025939941,94.12880020141601,87.02419982910156,230031.66666666666
2021-03-22,90.05999755859375,87.02999877929688,88.44000244140625,88.41999816894531,313300.0,88.41999816894531,88.50333150227863,-92.37622237044785,96.24850044250488,95.50075016021728,94.14380020141601,87.22169982910157,232821.66666666666
2021-03-23,88.44999694824219,86.4800033569336,87.3499984741211,87.30999755859375,330700.0,87.30999755859375,87.41333262125653,-84.81662841952584,95.68200035095215,95.45050010681152,94.14040008544922,87.40959983825684,236301.66666666666
2021-03-24,91.02999877929688,87.97000122070312,88.3499984741211,89.16999816894531,311800.0,89.16999816894531,89.38999938964844,-6.3877774151538125,95.17600021362304,95.45725002288819,94.16260009765625,87.64129981994628,240353.33333333334
2021-03-25,90.75,87.23999786376953,88.44000244140625,90.37999725341795,208100.0,90.37999725341795,89.4566650390625,43.94605519518765,94.89150009155273,95.43174991607665,94.16900009155273,87.8673998260498,241663.33333333334
2021-03-26,93.16000366210938,90.5500030517578,91.9800033569336,93.11000061035156,178800.0,93.11000061035156,92.27333577473956,163.84639774040426,94.77550010681152,95.5502498626709,94.2734001159668,88.11569984436035,242786.66666666666
2021-03-29,95.12999725341795,90.75,93.02999877929688,90.8499984741211,274800.0,90.8499984741211,92.24333190917969,82.73886803002819,94.39850006103515,95.50149974822997,94.31220001220703,88.32069984436035,245805.0
2021-03-30,93.2300033569336,90.83999633789062,90.8499984741211,92.66999816894531,155500.0,92.66999816894531,92.24666595458984,55.173952914951784,94.21800003051757,95.50574970245361,94.37419998168946,88.51359985351563,246158.33333333334
2021-03-31,94.4800033569336,91.88999938964844,93.26000213623048,92.73999786376952,252500.0,92.73999786376952,93.0366668701172,82.49812539740046,94.02399978637695,95.51399955749511,94.4247999572754,88.7439998626709,246798.33333333334
2021-04-01,94.20999908447266,92.05999755859376,93.02999877929688,94.16999816894531,140700.0,94.16999816894531,93.47999827067059,114.00099952049152,93.95349960327148,95.5632495880127,94.52239990234375,88.96129981994629,245586.66666666666
2021-04-05,95.8000030517578,94.36000061035156,94.91999816894531,95.19000244140624,143400.0,95.19000244140624,95.11666870117188,146.84892250146797,93.83899955749511,95.60324974060059,94.67259994506836,89.19359985351562,243118.33333333334
2021-04-06,96.44000244140624,94.4499969482422,95.01000213623048,95.05999755859376,123500.0,95.05999755859376,95.31666564941406,89.3835765247605,93.69999961853027,95.58924961090088,94.81359985351563,89.37099983215332,241300.0
2021-04-07,95.8000030517578,93.56999969482422,95.2300033569336,93.9000015258789,102000.0,93.9000015258789,94.423334757487,12.18987941363324,93.56849975585938,95.49199962615967,94.90519989013671,89.51179985046387,239966.66666666666
2021-04-08,94.20999908447266,92.2300033569336,93.83999633789062,93.86000061035156,127000.0,93.86000061035156,93.43333435058594,-85.50011841802042,93.36799964904785,95.397749710083,95.00439987182617,89.65439987182617,239783.33333333334
2021-04-09,94.69000244140624,93.37999725341795,93.37999725341795,93.98999786376952,106100.0,93.98999786376952,94.01999918619791,-48.807570084966926,93.09749946594238,95.32824974060058,95.05619979858399,89.82009986877442,237941.66666666666
2021-04-12,96.30999755859376,94.3499984741211,94.3499984741211,95.69000244140624,141800.0,95.69000244140624,95.44999949137372,89.83362409763245,92.83299942016602,95.2922498703003,95.20259979248047,89.98859992980957,238261.66666666666
2021-04-13,96.69000244140624,93.5,95.06999969482422,93.9000015258789,142900.0,93.9000015258789,94.69666798909503,35.88995423614893,92.61649932861329,95.16649990081787,95.22459976196289,90.11059997558594,239056.66666666666
2021-04-14,96.98999786376952,93.11000061035156,94.30999755859376,95.6999969482422,156800.0,95.6999969482422,95.26666514078778,68.24134604177641,92.54049911499024,95.09674987792968,95.28859970092773,90.26309997558593,238106.66666666666
2021-04-15,96.48999786376952,94.9499969482422,95.91999816894531,96.20999908447266,140800.0,96.20999908447266,95.88333129882812,96.92669049637159,92.57249908447265,95.09099979400635,95.364599609375,90.42819999694824,236728.33333333334
2021-04-16,97.02999877929688,95.36000061035156,96.86000061035156,95.87999725341795,163200.0,95.87999725341795,96.08999888102215,100.24006666742102,92.83249893188477,95.08024978637695,95.43819961547851,90.58619995117188,236003.33333333334
2021-04-19,96.55999755859376,94.12999725341795,95.0500030517578,95.68000030517578,237300.0,95.68000030517578,95.4566650390625,-3.609031464624324,93.19399909973144,94.98674983978272,95.47999969482422,90.74709999084473,236850.0
2021-04-20,96.0999984741211,91.94000244140624,95.6999969482422,92.6500015258789,68930.0,92.6500015258789,93.56333414713544,-166.6666666666765,93.40549926757812,94.8269998550415,95.42059967041016,90.8475,234783.83333333334
