Date,High,Low,Open,Close,Volume,Adj Close,TP,CCI,20SMA,40SMA,50SMA,100SMA,60VMA
2018-01-02,113.13999938964844,111.5,111.9800033569336,112.38999938964844,495200.0,109.3140640258789,112.34333292643231,,,,,,
2018-01-03,121.33999633789062,113.75,114.31999969482422,120.20999908447266,1648600.0,116.92003631591795,118.43333180745441,,,,,,
2018-01-04,123.5500030517578,119.79000091552734,121.4000015258789,122.6999969482422,645500.0,119.3418960571289,122.01333363850912,,,,,,
2018-01-05,125.2699966430664,120.80999755859376,123.58000183105469,121.44000244140624,709100.0,118.11637115478516,122.50666554768878,,,,,,
2018-01-08,123.26000213623048,120.61000061035156,120.6500015258789,122.98999786376952,343700.0,119.62395477294922,122.2866668701172,55.91442076967599,,,,,
2018-01-09,123.12999725341795,120.6999969482422,123.12999725341795,122.43000030517578,276100.0,119.07927703857422,122.086664835612,34.154141691086195,,,,,
2018-01-10,121.93000030517578,119.83000183105469,121.93000030517578,120.08000183105469,599900.0,116.79359436035156,120.61333465576172,-166.6666666666621,,,,,
2018-01-11,122.22000122070312,119.36000061035156,120.4499969482422,122.20999908447266,337600.0,118.86530303955078,121.26333363850912,-50.02050982396426,,,,,
2018-01-12,125.5500030517578,119.4000015258789,122.88999938964844,124.25,391200.0,120.84947204589844,123.06666819254559,108.40857799188555,,,,,
2018-01-16,125.12000274658205,122.87999725341795,124.91999816894531,123.05999755859376,320300.0,119.69202423095705,123.68666585286456,104.27919591697044,,,,,
2018-01-17,123.87000274658205,122.20999908447266,123.52999877929688,122.94000244140624,301000.0,119.57533264160156,123.00666809082031,40.75678153175055,,,,,
2018-01-18,124.37999725341795,122.22000122070312,122.9000015258789,123.5500030517578,285900.0,120.16864776611328,123.38333384195965,51.70991246893076,,,,,
2018-01-19,123.41000366210938,121.5999984741211,123.0,122.12000274658205,530200.0,118.77777862548828,122.37666829427084,-140.62920721574227,,,,,
2018-01-22,122.70999908447266,121.5,122.31999969482422,122.12999725341795,427900.0,118.78748321533205,122.11333211263019,-99.75079851780292,,,,,
2018-01-23,124.83000183105469,121.44000244140624,122.1999969482422,124.04000091552734,271700.0,120.6452178955078,123.4366683959961,77.2686904215488,,,,,
2018-01-24,125.80999755859376,123.5199966430664,124.6500015258789,124.86000061035156,231900.0,121.44277954101562,124.72999827067059,131.70631011768697,,,,,
2018-01-25,126.3499984741211,123.68000030517578,125.43000030517578,124.36000061035156,335400.0,120.95646667480469,124.79666646321613,85.51602863523044,,,,,
2018-01-26,128.50999450683594,122.4499969482422,124.27999877929688,127.7300033569336,834100.0,124.23424530029295,126.22999827067059,110.37602266428448,,,,,
2018-01-29,128.13999938964844,124.04000091552734,127.33999633789062,124.25,447800.0,120.84947204589844,125.47666676839191,49.190300834717,,,,,
2018-01-30,123.66000366210938,121.83999633789062,123.66000366210938,123.0,398100.0,119.63368225097656,122.83333333333331,-158.65380461477181,122.5370002746582,,,,
2018-01-31,124.27999877929688,120.83000183105469,123.0500030517578,121.11000061035156,290500.0,118.04493713378906,122.07333374023438,-100.65013510215871,122.97300033569336,,,,
2018-02-01,121.29000091552734,118.1500015258789,120.7699966430664,119.95999908447266,359700.0,116.9240264892578,119.80000050862628,-112.89765706693622,122.96050033569335,,,,
2018-02-02,119.0,116.87000274658205,119.0,117.1999969482422,258500.0,114.23387908935548,117.68999989827472,-114.40296205170843,122.68550033569336,,,,
2018-02-05,117.16999816894531,112.75,116.20999908447266,112.94000244140624,392700.0,110.08169555664062,114.2866668701172,-125.68441438190548,122.26050033569337,,,,
2018-02-06,115.37999725341795,110.76000213623048,111.8000030517578,114.8499984741211,457000.0,111.943359375,113.66333262125653,-90.69578010101492,121.85350036621094,,,,
2018-02-07,116.87999725341795,114.55999755859376,114.8499984741211,115.02999877929688,339800.0,112.11880493164062,115.48999786376952,-22.665152779985966,121.48350028991699,,,,
2018-02-08,115.52999877929688,112.45999908447266,115.22000122070312,112.58000183105469,653300.0,109.73080444335938,113.52333323160809,-70.67764821664322,121.10850028991699,,,,
2018-02-09,114.11000061035156,109.0,113.5,111.94000244140624,358200.0,109.10700988769531,111.68333435058594,-147.1095579739553,120.59500045776367,,,,
2018-02-12,113.1500015258789,110.58999633789062,112.33999633789062,111.26000213623048,383700.0,108.4442138671875,111.66666666666669,-83.7871476893859,119.9455005645752,,,,
2018-02-13,112.83999633789062,110.05999755859376,110.83000183105469,112.52999877929688,370300.0,109.68207550048828,111.80999755859376,-51.07000660626029,119.41900062561035,,,,
2018-02-14,114.63999938964844,111.8000030517578,111.9800033569336,113.79000091552734,380300.0,110.9101791381836,113.41000111897785,78.82744716817288,118.96150054931641,,,,
2018-02-15,115.2699966430664,112.97000122070312,114.41999816894531,115.18000030517578,308600.0,112.2650146484375,114.47333272298175,116.57074440722795,118.54300041198731,,,,
2018-02-16,117.8499984741211,115.11000061035156,115.38999938964844,116.79000091552734,550800.0,113.83426666259766,116.58333333333331,128.65900187227638,118.27650032043456,,,,
2018-02-20,116.75,114.3000030517578,115.93000030517578,115.3499984741211,378100.0,112.43071746826172,115.46666717529295,53.58514912932618,117.93750038146973,,,,
2018-02-21,115.91000366210938,113.61000061035156,115.63999938964844,113.6999969482422,399000.0,110.82247161865234,114.40666707356769,-33.227688233317444,117.42050018310547,,,,
2018-02-22,114.30999755859376,112.51000213623048,113.95999908447266,112.72000122070312,270400.0,109.86727142333984,113.18000030517578,-113.74339404222324,116.81350021362304,,,,
2018-02-23,113.54000091552734,111.5199966430664,113.37000274658205,112.12999725341795,399200.0,109.2921905517578,112.39666493733722,-103.50158957445343,116.20200004577637,,,,
2018-02-26,114.6999969482422,111.61000061035156,112.16000366210938,113.80999755859376,399100.0,110.92967987060548,113.37333170572916,-27.825244467010542,115.50599975585938,,,,
2018-02-27,114.47000122070312,113.4800033569336,114.1999969482422,113.73999786376952,293400.0,110.8614501953125,113.89666748046876,53.01956237399538,114.98049964904786,,,,
2018-02-28,114.1500015258789,112.3000030517578,114.01000213623048,112.30999755859376,241200.0,109.4676513671875,112.92000071207684,-39.28151854857665,114.44599952697754,118.49149990081787,,,
2018-03-01,114.47000122070312,111.69000244140624,112.30999755859376,112.45999908447266,357400.0,109.61386108398438,112.87333424886069,-33.558265524268926,114.0134994506836,118.49324989318848,,,
2018-03-02,112.25,109.44000244140624,111.63999938964844,111.9000015258789,451300.0,109.06803131103516,111.19666798909503,-166.66666666666455,113.61049957275391,118.28549995422364,,,
2018-03-05,112.81999969482422,110.26000213623048,111.22000122070312,111.5500030517578,452400.0,108.72686767578124,111.5433349609375,-70.39026676076391,113.32799987792968,118.00675010681152,,,
2018-03-06,112.3499984741211,110.2699966430664,111.47000122070312,111.16000366210938,779400.0,108.34674835205078,111.25999959309894,-62.070710986924155,113.23899993896484,117.7497501373291,,,
2018-03-07,114.5999984741211,105.4499969482422,108.68000030517578,112.58000183105469,1257300.0,109.73080444335938,110.87666575113931,-84.80284010690045,113.12550010681153,117.48950023651123,,,
2018-03-08,111.6999969482422,108.37999725341795,111.30999755859376,109.08000183105469,658100.0,106.31939697265624,109.7199986775716,-160.94101420383262,112.82800025939942,117.1557502746582,,,
2018-03-09,111.97000122070312,108.0,109.33000183105469,110.8000030517578,531400.0,107.99586486816406,110.25666809082031,-53.237472453686934,112.73900032043457,116.92375030517579,,,
2018-03-12,112.38999938964844,110.38999938964844,111.26000213623048,111.80999755859376,303800.0,108.98028564453124,111.52999877929688,90.1995930299612,112.73250007629395,116.6637502670288,,,
2018-03-13,111.83000183105469,110.52999877929688,111.83000183105469,111.38999938964844,476800.0,108.5709228515625,111.25,59.06705019180443,112.73899993896484,116.34225025177003,,,
2018-03-14,112.16000366210938,110.8000030517578,112.0,111.56999969482422,454000.0,108.74637603759766,111.51000213623048,63.262859692569606,112.69099998474121,116.05500030517578,117.07920013427734,,
2018-03-15,112.0199966430664,110.5500030517578,111.79000091552734,110.6999969482422,373300.0,107.8983917236328,111.08999888102215,-6.852916468971097,112.53649978637695,115.74900016784667,117.04540008544922,,
2018-03-16,112.16000366210938,110.5199966430664,110.9000015258789,111.13999938964844,847500.0,108.32725524902344,111.27333323160809,-25.234690546948013,112.33449974060059,115.43875007629394,116.86400009155274,,
2018-03-19,113.5500030517578,110.86000061035156,110.97000122070312,112.58999633789062,402400.0,109.74056243896484,112.33333333333331,163.05152696906154,112.12449951171875,115.20049991607667,116.66180007934571,,
2018-03-20,112.9800033569336,110.08999633789062,112.37000274658205,110.4499969482422,337900.0,107.65471649169922,111.17333221435548,-56.594426314129706,111.8794994354248,114.90849990844727,116.44199996948242,,
2018-03-21,112.5,110.11000061035156,110.76000213623048,111.08000183105469,513300.0,108.2687759399414,111.23000081380206,-34.671317068803894,111.74849967956543,114.58449993133544,116.20380004882813,,
2018-03-22,112.04000091552734,109.41999816894531,110.5199966430664,109.51000213623048,263100.0,106.73851013183594,110.32333374023438,-146.48028196222828,111.5879997253418,114.20074996948242,115.94540008544922,,
2018-03-23,110.70999908447266,107.0500030517578,109.62999725341795,107.2699966430664,482500.0,104.5551986694336,108.34333292643231,-144.5654246092334,111.34499969482422,113.7734998703003,115.68919998168946,,
2018-03-26,108.11000061035156,106.56999969482422,108.08999633789062,107.9000015258789,522600.0,105.16926574707031,107.52666727701825,-102.403613270689,111.04949989318848,113.27774982452392,115.40300003051757,,
2018-03-27,111.1500015258789,106.6500015258789,107.97000122070312,107.18000030517578,315700.0,104.46746826171876,108.32666778564452,-42.17892784291992,110.72150001525878,112.85099983215332,115.06160003662109,,
2018-03-28,108.1999969482422,106.5199966430664,107.47000122070312,107.4499969482422,316600.0,104.73063659667969,107.38999684651691,-85.16505109753443,110.4784999847412,112.46224975585938,114.74940002441406,,456863.3333333333
2018-03-29,110.1999969482422,107.93000030517578,108.0,109.7699966430664,364200.0,106.99193572998048,109.29999796549481,130.11875602402122,110.3439998626709,112.17874965667724,114.48599990844727,,454680.0
2018-04-02,110.38999938964844,108.23999786376952,109.7699966430664,109.1999969482422,418100.0,106.43635559082031,109.27666473388672,82.28152777697767,110.20899963378906,111.90974960327148,114.19899978637696,,434171.6666666667
2018-04-03,110.83000183105469,107.66999816894531,109.83000183105469,109.13999938964844,462900.0,106.37786102294922,109.2133331298828,50.61300647699532,110.0884994506836,111.70824966430663,113.93939971923828,,431128.3333333333
2018-04-04,110.16999816894531,107.37999725341795,107.88999938964844,109.58000183105469,441700.0,106.80674743652344,109.04333241780597,22.76205241456305,110.00949935913086,111.62424964904785,113.68839981079101,,426671.6666666667
2018-04-05,109.25,107.04000091552734,109.25,107.63999938964844,384700.0,104.91582489013672,107.97666676839191,-166.66666666666669,109.76249923706055,111.44399967193604,113.36039978027344,,427355.0
2018-04-06,109.0999984741211,106.38999938964844,107.13999938964844,107.18000030517578,333200.0,104.46746826171876,107.55666605631512,-104.0026708902667,109.6674991607666,111.24774971008301,113.00679977416992,,428306.6666666667
2018-04-09,108.73999786376952,106.45999908447266,107.3499984741211,107.41999816894531,278200.0,104.701416015625,107.53999837239584,-70.15857165481198,109.49849891662598,111.11874961853027,112.6679997253418,,422945.0
2018-04-10,108.0999984741211,106.8000030517578,108.0,107.5199966430664,365300.0,104.79886627197266,107.47333272298175,-62.593792242308396,109.28399887084962,111.00824947357178,112.26379959106445,,423406.6666666667
2018-04-11,108.37999725341795,106.33999633789062,107.02999877929688,107.41999816894531,364900.0,104.701416015625,107.37999725341795,-87.45074593240969,109.08549880981445,110.91224937438965,111.92719955444336,,422968.3333333333
2018-04-12,108.5199966430664,106.91999816894531,108.0500030517578,107.04000091552734,350000.0,104.33102416992188,107.49333190917969,6.2723463018916865,108.8589988708496,110.77499942779541,111.60799957275391,,423463.3333333333
2018-04-13,106.8000030517578,100.41999816894531,106.56999969482422,101.56999969482422,894700.0,98.99945831298828,102.93000030517578,-166.66666666666666,108.40249900817871,110.46949939727783,111.21719955444335,,433358.3333333333
2018-04-16,103.0,100.13999938964844,101.87999725341795,101.86000061035156,369000.0,99.2821273803711,101.66666666666669,-100.36674486983809,107.93849906921386,110.13649940490723,110.85519958496094,,434743.3333333333
2018-04-17,103.43000030517578,101.5999984741211,102.44000244140624,101.86000061035156,436100.0,99.2821273803711,102.29666646321613,-55.58559201307849,107.40199928283691,109.76324939727783,110.54839965820312,,433175.0
2018-04-18,103.5,101.47000122070312,101.75,101.8499984741211,382900.0,99.2723617553711,102.27333323160809,-42.40094414496065,106.97199935913086,109.42574939727783,110.32659957885743,,432425.0
2018-04-19,102.19000244140624,101.0999984741211,101.87000274658205,101.45999908447266,356800.0,98.8922348022461,101.58333333333331,-89.94708994708732,106.49099922180176,109.1197494506836,110.05879959106446,,433843.3333333333
2018-04-20,102.86000061035156,100.22000122070312,101.87999725341795,100.7699966430664,317400.0,98.21969604492188,101.28333282470705,-96.4346136804359,106.05399894714355,108.82099933624268,109.77359954833985,,435268.3333333333
2018-04-23,101.43000030517578,98.0199966430664,100.13999938964844,98.18000030517578,516500.0,95.69524383544922,99.20999908447266,-163.12601494245658,105.59949913024903,108.47224941253663,109.48559951782227,,438286.6666666667
2018-04-24,99.22000122070312,96.80999755859376,98.79000091552734,96.97000122070312,489600.0,94.515869140625,97.66666666666669,-116.05878494405786,105.05299911499023,108.05124950408936,109.1861994934082,,432545.0
2018-04-25,98.38999938964844,96.18000030517578,96.58999633789062,97.79000091552734,366100.0,95.31510925292969,97.45333353678387,-82.99897870864848,104.58349914550782,107.6524995803833,108.91679946899414,,431183.3333333333
2018-04-26,98.20999908447266,97.08000183105469,97.77999877929688,97.16999816894531,392500.0,94.7108154296875,97.48666636149088,-58.06012381301283,104.06949920654297,107.2739995956421,108.60959945678711,,431090.0
2018-04-27,97.8000030517578,95.93000030517578,97.16999816894531,96.56999969482422,512500.0,94.1259994506836,96.76666768391928,-106.02673718411295,103.40949935913086,106.87674961090087,108.26519943237305,,434790.0
2018-04-30,97.6999969482422,96.58000183105469,96.5999984741211,96.5999984741211,648400.0,94.40941619873048,96.95999908447266,-63.36107869143076,102.77949943542481,106.49424953460694,107.89359939575195,,439601.6666666667
2018-05-01,98.73999786376952,95.62000274658205,96.54000091552734,98.33000183105469,556200.0,96.1001968383789,97.56333414713544,69.10581262664932,102.23899955749512,106.16374950408935,107.5243994140625,,444563.3333333333
2018-05-02,99.83999633789062,96.43000030517578,97.88999938964844,99.0,790700.0,96.75499725341795,98.42333221435548,142.10008327655632,101.70999946594239,105.85974941253662,107.19739944458007,,451196.6666666667
2018-05-03,99.58999633789062,98.06999969482422,98.77999877929688,98.8000030517578,482600.0,96.55953979492188,98.81999969482422,101.39652755311444,101.26799964904785,105.5152494430542,106.89939956665039,,451623.3333333333
2018-05-04,100.5,98.7699966430664,98.95999908447266,99.54000091552734,406300.0,97.2827606201172,99.60333251953124,109.4281803706552,100.88599967956543,105.27674942016601,106.63579956054687,,452731.6666666667
2018-05-07,101.5199966430664,99.55999755859376,99.80999755859376,100.95999908447266,475800.0,98.67056274414062,100.67999776204428,123.25716909354826,100.5629997253418,105.03074932098389,106.41239959716796,,449773.3333333333
2018-05-08,101.73999786376952,98.66000366210938,101.0,98.69000244140624,631600.0,96.45201873779295,99.69666798909503,25.516598643831315,100.12150001525879,104.7027494430542,106.10999969482423,,454330.0
2018-05-09,100.3000030517578,98.41000366210938,98.81999969482422,99.44000244140624,346400.0,97.1850357055664,99.38333638509113,-38.26749073445545,99.72250022888184,104.40399951934815,105.82399978637696,,453708.3333333333
2018-05-10,99.87000274658205,99.0199966430664,99.87000274658205,99.33000183105469,208200.0,97.0775146484375,99.40666707356769,-62.51516225095614,99.33700027465821,104.0979995727539,105.56439987182617,,451006.6666666667
2018-05-11,100.3000030517578,99.04000091552734,99.08000183105469,99.73999786376952,288700.0,97.47821044921876,99.69333394368488,-14.439599035394275,99.24550018310546,103.82399959564209,105.30999984741212,,449480.0
2018-05-14,100.6500015258789,99.12999725341795,99.5,100.20999908447266,505100.0,97.9375457763672,99.99666595458984,125.2887927598565,99.16300010681152,103.55074958801269,105.07619979858399,,452755.0
2018-05-15,100.97000122070312,99.7300033569336,100.16999816894531,100.36000061035156,273300.0,98.08414459228516,100.35333506266278,119.72818561354177,99.08800010681152,103.24499969482422,104.85239974975586,,448130.0
2018-05-16,102.0199966430664,100.48999786376952,100.62000274658205,101.51000213623048,375300.0,99.20807647705078,101.33999888102215,143.02982676673838,99.071000289917,103.02149982452393,104.65939971923828,,448083.3333333333
2018-05-17,102.41999816894531,101.08000183105469,101.75,101.2300033569336,417100.0,98.9344253540039,101.57666778564452,94.7160282905127,99.05950050354004,102.7752498626709,104.43239974975586,,448385.0
2018-05-18,101.83999633789062,100.27999877929688,101.37999725341795,100.58999633789062,494700.0,98.30895233154295,100.90333048502606,8.767190601333821,99.05050048828124,102.5522497177124,104.26259963989258,,452123.3333333333
2018-05-21,101.22000122070312,100.05999755859376,100.76000213623048,100.3000030517578,398900.0,98.02550506591795,100.52666727701825,-66.45217687108283,99.15650062561035,102.37799987792968,104.05259963989258,,452118.3333333333
2018-05-22,100.08999633789062,96.2699966430664,100.08999633789062,96.77999877929688,710700.0,94.58534240722656,97.71333058675128,-166.66666666666842,99.14700050354004,102.09999980926514,103.75199966430664,,457311.6666666667
2018-05-23,104.2300033569336,95.18000030517578,96.30999755859376,99.8499984741211,3663900.0,97.5857162475586,99.75333404541016,-20.894459698664228,99.25000038146973,101.91674976348877,103.52119964599609,,513486.6666666667
2018-05-24,100.0199966430664,95.8000030517578,99.8499984741211,96.72000122070312,1095100.0,94.52668762207031,97.51333363850912,-88.32726304355462,99.22750053405761,101.6484998703003,103.22419967651368,110.1516999053955,527718.3333333334
2018-05-25,97.4499969482422,95.9000015258789,96.69000244140624,96.25,473600.0,94.06734466552734,96.53333282470705,-90.19754531174108,99.21150054931641,101.31049995422363,102.93519973754883,109.99029991149902,529655.0
2018-05-29,97.41999816894531,95.45999908447266,95.7699966430664,96.75,609200.0,94.5560302734375,96.54333241780597,-79.32268662972845,99.21900062561035,100.99925003051757,102.64739974975586,109.7556999206543,532286.6666666666
2018-05-30,99.19000244140624,96.69000244140624,97.12999725341795,98.83999633789062,540000.0,96.59862518310548,98.24000040690106,34.071192153965036,99.24450035095215,100.74174995422364,102.37239974975586,109.51709991455078,533746.6666666666
2018-05-31,99.0,96.33000183105469,98.61000061035156,96.8000030517578,578300.0,94.6048812866211,97.37666829427084,16.042508949783663,99.13450050354004,100.42224998474121,102.09939987182617,109.2706999206543,530395.0
2018-06-01,97.66000366210938,96.5199966430664,97.4000015258789,96.6999969482422,514400.0,94.50713348388672,96.95999908447266,-20.987118740412804,99.02950019836426,100.14874992370605,101.81179977416993,109.00779991149902,518013.3333333333
2018-06-04,98.97000122070312,95.87999725341795,97.1999969482422,96.16999816894531,528700.0,93.9891586303711,97.00666554768878,-31.256025202689987,98.86100006103516,99.8734998703003,101.54499969482421,108.74519989013672,515856.6666666667
2018-06-05,98.1500015258789,95.66999816894531,96.0500030517578,97.75,728300.0,95.53334045410156,97.18999989827472,-30.247312900885447,98.70050010681152,99.63174991607666,101.35459976196289,108.52189987182618,519138.3333333333
2018-06-06,98.86000061035156,97.58999633789062,98.19000244140624,98.6999969482422,391000.0,96.46179962158205,98.38333129882812,166.6666666666655,98.70099983215331,99.41124992370605,101.17059967041016,108.28679985046386,520591.6666666667
2018-06-07,98.8000030517578,96.52999877929688,98.70999908447266,96.80999755859376,350200.0,94.61465454101562,97.3799997965495,-0.6670002091865309,98.56949958801269,99.14599990844727,100.96319961547852,108.0123998260498,518481.6666666667
2018-06-08,97.6500015258789,96.05999755859376,96.73999786376952,96.61000061035156,502700.0,94.41919708251952,96.77333323160809,-89.3042303796885,98.43349952697754,98.88524990081787,100.7463996887207,107.74789985656739,519293.3333333333
2018-06-11,97.62000274658205,95.52999877929688,96.69000244140624,96.37000274658205,639700.0,94.18463134765624,96.50666809082031,-97.11278731086686,98.26499977111817,98.75524997711182,100.47839981079102,107.48219985961914,523733.3333333333
2018-06-12,97.25,90.41999816894531,94.3000030517578,96.66999816894531,2283800.0,94.4778289794922,94.77999877929688,-147.49319235729783,98.0879997253418,98.62549991607666,100.22779983520508,107.21339981079102,547671.6666666666
2018-06-13,100.58999633789062,95.2699966430664,96.52999877929688,99.18000030517578,994400.0,96.93091583251952,98.34666442871094,118.89081209185656,98.02899971008301,98.55849990844726,100.02859985351563,106.98399978637696,557538.3333333334
2018-06-14,100.2699966430664,98.8499984741211,99.16999816894531,99.11000061035156,439400.0,96.86249542236328,99.40999857584637,109.16751314199207,97.90899963378907,98.48999996185303,99.81919982910156,106.7537998199463,559230.0
2018-06-15,101.0199966430664,99.05999755859376,99.16999816894531,100.83000183105469,601900.0,98.54348754882812,100.30333201090497,91.12012543379421,97.88899955749511,98.47425003051758,99.68299987792969,106.52169982910156,560706.6666666666
2018-06-18,102.5199966430664,99.72000122070312,100.48999786376952,100.61000061035156,641200.0,98.3284912109375,100.94999949137372,83.23209477751924,97.88999977111817,98.4702501296997,99.55159988403321,106.27919982910156,567008.3333333334
2018-06-19,101.0199966430664,99.33999633789062,100.1500015258789,100.55999755859376,477500.0,98.27960968017578,100.3066635131836,37.50692583712699,97.90299949645996,98.52975006103516,99.41439987182618,106.04119979858399,566925.0
2018-06-20,103.81999969482422,99.8499984741211,101.04000091552734,103.7300033569336,609700.0,101.37773895263672,102.46666717529295,145.22795996751753,98.2504997253418,98.69875011444091,99.33860000610352,105.80119979858398,568376.6666666666
2018-06-21,107.04000091552734,103.72000122070312,103.72000122070312,106.66999816894531,809200.0,104.25106048583984,105.81000010172528,147.49982936467566,98.59149971008301,98.92075004577637,99.32360000610352,105.62539978027344,576601.6666666666
2018-06-22,108.12000274658205,105.6999969482422,107.5,106.83999633789062,1017900.0,104.41720581054688,106.88666534423828,97.97307484297329,99.09749946594238,99.1625,99.31959991455078,105.46379974365234,588290.0
2018-06-25,108.79000091552734,106.2699966430664,106.8499984741211,108.33999633789062,609800.0,105.8832015991211,107.79999796549481,80.23870149921257,99.70199928283691,99.45674991607666,99.45499984741211,105.33609970092773,592383.3333333334
2018-06-26,108.91000366210938,106.9499969482422,108.5999984741211,107.20999908447266,490000.0,104.77880859375,107.68999989827472,65.22228902359743,100.22499923706054,99.72199993133545,99.56199981689453,105.20859970092773,593581.6666666666
2018-06-27,108.45999908447266,105.01000213623048,106.76000213623048,106.51000213623048,622700.0,104.09469604492188,106.66000111897785,-33.232919448460365,100.60849952697754,99.92649993896484,99.65499984741211,105.10169975280762,596245.0
2018-06-28,107.2300033569336,104.62999725341795,106.1500015258789,106.16999816894531,911400.0,103.76239776611328,106.00999959309894,-113.2004865946268,101.07699928283691,100.10574989318847,99.74139984130859,105.03399971008301,604073.3333333334
2018-06-29,106.13999938964844,104.48999786376952,105.95999908447266,105.08000183105469,541100.0,102.6971206665039,105.23666636149088,-112.81416982609613,101.49599952697754,100.2627498626709,99.81379989624024,104.93629974365234,606680.0
2018-07-02,104.6999969482422,102.47000122070312,104.58000183105469,103.54000091552734,431100.0,101.19205474853516,103.56999969482422,-131.8958715321711,101.86449966430663,100.3627498626709,99.86919998168945,104.82139976501465,608311.6666666666
2018-07-03,104.9000015258789,102.68000030517578,103.62999725341795,102.8499984741211,192000.0,100.51768493652344,103.47666676839191,-85.98363198660843,102.1194995880127,100.40999984741211,99.96259994506836,104.7240997314453,606875.0
2018-07-05,105.27999877929688,102.95999908447266,103.29000091552734,105.22000122070312,286100.0,102.83394622802734,104.48666636149088,-5.413288697480757,102.44549980163575,100.57324981689453,100.12759994506835,104.65689971923828,605555.0
2018-07-06,107.5500030517578,105.47000122070312,105.47000122070312,106.88999938964844,357000.0,104.46607208251952,106.63666788736981,129.8017715343439,102.94949989318847,100.75949974060059,100.30959991455079,104.61319969177246,605423.3333333334
2018-07-09,108.47000122070312,107.08000183105469,107.08000183105469,108.02999877929688,282700.0,105.5802230834961,107.86000061035156,108.29114982215,103.52049980163574,100.97699966430665,100.52679992675782,104.56819969177246,604301.6666666666
2018-07-10,108.5500030517578,107.05999755859376,108.37999725341795,107.7300033569336,205000.0,105.28704071044922,107.7800013224284,69.84998195726921,104.08849983215332,101.17674980163574,100.75,104.50759971618652,592806.6666666666
2018-07-11,108.37000274658205,106.6500015258789,107.68000030517578,107.81999969482422,309800.0,105.375,107.61333465576172,46.81554661469646,104.64599990844727,101.36699981689453,100.97440002441407,104.43399971008301,591820.0
2018-07-12,109.12999725341795,107.7699966430664,108.0,108.93000030517578,241000.0,106.4598159790039,108.60999806722003,131.88387913430628,105.13349990844726,101.58124980926513,101.18639999389649,104.35539970397949,588568.3333333334
2018-07-13,109.95999908447266,108.26000213623048,108.26000213623048,109.16999816894531,300900.0,106.6943588256836,109.1299997965495,115.60758420351135,105.63649978637696,101.772749710083,101.38979995727539,104.29359970092773,587201.6666666666
2018-07-16,109.72000122070312,107.80999755859376,109.30999755859376,109.66999816894531,238500.0,107.18304443359376,109.06666564941406,70.25414257529552,106.07849960327148,101.9837495803833,101.60719985961914,104.25329971313477,585230.0
2018-07-17,112.20999908447266,109.4800033569336,109.73999786376952,111.08000183105469,386700.0,108.5610580444336,110.923334757487,161.3314920862106,106.60199966430665,102.24599971771241,101.83799987792969,104.23689971923828,586385.0
2018-07-18,111.4000015258789,108.62999725341795,111.3499984741211,108.63999938964844,375600.0,106.1763916015625,109.55666605631512,10.57635007314104,107.00599975585938,102.45449962615967,101.9915998840332,104.20199974060058,584036.6666666666
2018-07-19,109.62000274658205,108.05999755859376,108.1500015258789,109.16000366210938,276400.0,106.68460845947266,108.94666798909503,-67.3344221630181,107.27749977111816,102.76399974822998,102.20099990844727,104.15549980163574,580483.3333333334
2018-07-20,109.87000274658205,108.8000030517578,108.88999938964844,109.66999816894531,162900.0,107.18304443359376,109.44666798909503,-17.640089881799764,107.42749977111816,103.00949974060059,102.40559982299804,104.1147998046875,577096.6666666666
2018-07-23,110.6500015258789,109.05999755859376,109.6500015258789,109.33000183105469,249300.0,106.85075378417969,109.68000030517578,-4.214829202742713,107.55200004577637,103.32474975585937,102.60559982299804,104.0849998474121,574710.0
2018-07-24,109.36000061035156,107.52999877929688,109.33999633789062,108.5,229700.0,106.03955841064452,108.4633331298828,-122.53961039743595,107.56000022888183,103.63099975585938,102.78079986572266,104.04539985656739,569996.6666666666
2018-07-25,108.16999816894531,106.75,107.66000366210938,107.91999816894531,258600.0,105.47271728515624,107.61333211263019,-128.07017149358362,107.59550018310547,103.91024971008301,102.93499984741212,104.00559982299805,563500.0
2018-07-26,110.27999877929688,107.8000030517578,108.0999984741211,109.43000030517578,406600.0,106.948486328125,109.17000071207684,29.427415921665837,107.74150009155274,104.17499980926513,103.11639984130859,103.98439979553223,561006.6666666666
2018-07-27,109.69000244140624,108.5199966430664,109.4000015258789,108.88999938964844,221300.0,106.42071533203124,109.03333282470705,26.684303231942355,107.87750015258788,104.4772497177124,103.26399978637696,103.96169975280762,551516.6666666666
2018-07-30,110.43000030517578,108.62999725341795,108.62999725341795,109.97000122070312,273500.0,107.47623443603516,109.67666625976562,97.97839724031208,108.12200012207032,104.80899982452392,103.43879974365234,103.9355997467041,548031.6666666666
2018-07-31,109.9800033569336,109.08000183105469,109.9499969482422,109.37999725341795,319200.0,107.18225860595705,109.48000081380206,58.55862490337038,108.41399993896485,105.13924980163574,103.6145997619629,103.93859970092774,546580.0
2018-08-01,109.37999725341795,107.79000091552734,108.8499984741211,108.3000030517578,159100.0,106.12396240234376,108.49000040690106,-138.77538225319125,108.68650016784667,105.40299987792969,103.77459976196289,103.91359970092773,541301.6666666666
2018-08-02,110.69000244140624,108.5,108.5,110.41000366210938,263400.0,108.19155883789062,109.86666870117188,84.80437795882149,108.946000289917,105.69575004577636,104.04719985961914,103.89959976196289,535165.0
2018-08-03,111.4000015258789,110.26000213623048,110.37000274658205,110.69000244140624,238400.0,108.46593475341795,110.78333536783856,138.90267517678453,109.13600044250488,106.04275016784668,104.26399993896484,103.89259979248047,533365.0
2018-08-06,111.44000244140624,110.0500030517578,110.87999725341795,111.23999786376952,204800.0,109.00487518310548,110.91000111897785,88.94396902679306,109.29650039672852,106.40850009918213,104.55439987182618,103.88929977416993,533308.3333333334
2018-08-07,113.38999938964844,111.25,111.25,112.0500030517578,219700.0,109.7986297607422,112.23000081380206,115.70567749272348,109.51250038146972,106.80050010681153,104.87039993286133,103.90279983520507,532158.3333333334
2018-08-08,113.1500015258789,112.23999786376952,112.31999969482422,112.97000122070312,175500.0,110.70011901855469,112.7866668701172,102.77543999968086,109.77000045776367,107.20800018310547,105.1947999572754,103.92109985351563,526665.0
2018-08-09,113.62000274658205,111.95999908447266,113.08999633789062,112.58000183105469,246100.0,110.31795501708984,112.72000122070312,66.86983181475307,109.95250053405762,107.54300022125244,105.46960006713867,103.92099990844727,526211.6666666666
2018-08-10,112.8499984741211,110.58999633789062,112.11000061035156,110.83999633789062,188700.0,108.6129150390625,111.42666371663412,-57.89704005482688,110.03600044250489,107.83625011444092,105.75039993286133,103.92489990234375,523101.6666666667
2018-08-13,111.41999816894531,110.43000030517578,111.19000244140624,111.0,212700.0,108.76970672607422,110.94999949137372,-107.13793664718351,110.10250053405761,108.09050006866455,106.03639999389648,103.9240998840332,519695.0
2018-08-14,113.08000183105469,111.19000244140624,111.25,112.9000015258789,270700.0,110.63153839111328,112.39000193277997,32.25612013811584,110.19350051879883,108.39775009155274,106.37100006103516,103.9579998779297,515961.6666666667
2018-08-15,113.62999725341795,112.2300033569336,112.54000091552734,112.66000366210938,204200.0,110.3963623046875,112.84000142415363,73.60947755630828,110.39450073242188,108.70025024414062,106.66920013427735,104.01189994812012,512716.6666666667
2018-08-16,114.47000122070312,113.0999984741211,113.56999969482422,113.54000091552734,238900.0,111.25867462158205,113.70333353678387,111.86985156852629,110.61350059509277,108.94550018310547,106.96600021362305,104.06829994201661,504853.3333333333
2018-08-17,114.87000274658205,113.20999908447266,113.52999877929688,114.63999938964844,199100.0,112.33656311035156,114.24000040690106,102.14586269057169,110.86200065612793,109.14475021362304,107.32260025024414,104.14289993286133,447106.6666666667
2018-08-20,116.12999725341795,114.62999725341795,114.95999908447266,114.75,238200.0,112.44436645507812,115.16999816894531,118.73875813454994,111.1330005645752,109.34250030517578,107.6854002380371,104.2158999633789,432825.0
2018-08-21,117.0199966430664,114.95999908447266,114.95999908447266,116.91999816894531,316900.0,114.5707550048828,116.29999796549481,119.99311710154696,111.55400047302246,109.55700035095215,108.09640014648437,104.2873999786377,430213.3333333333
2018-08-22,117.63999938964844,115.58000183105469,116.66999816894531,117.16000366210938,259900.0,114.80593872070312,116.7933349609375,99.0808100093907,112.01600074768066,109.80575046539306,108.50620025634765,104.36700004577636,424391.6666666667
2018-08-23,117.58999633789062,115.5999984741211,117.33000183105469,116.5500030517578,324500.0,114.20819854736328,116.57999928792316,57.22136358187434,112.37200088500977,110.05675048828125,108.8536003112793,104.44110008239745,420800.0
2018-08-24,116.52999877929688,114.93000030517578,116.52999877929688,115.4000015258789,290000.0,113.08131408691406,115.6200002034505,-56.457923400863464,112.69750099182129,110.28750057220459,109.17940032958984,104.4993000793457,415995.0
2018-08-27,115.83000183105469,113.63999938964844,115.58000183105469,114.11000061035156,361500.0,111.81722259521484,114.52666727701825,-134.48104576059308,112.90450096130371,110.51325054168701,109.44500030517578,104.56400009155273,413446.6666666667
2018-08-28,115.11000061035156,113.6500015258789,114.02999877929688,114.33999633789062,356800.0,112.04258728027344,114.36666615804035,-89.22959997643103,113.15250091552734,110.78325042724609,109.71960021972656,104.63560005187988,410581.6666666667
2018-08-29,114.61000061035156,113.6500015258789,114.47000122070312,114.11000061035156,347800.0,111.81722259521484,114.12333424886069,-72.55516531443844,113.44300079345703,111.06475048065185,109.99060028076173,104.70250007629394,404240.0
2018-08-30,114.7300033569336,112.16000366210938,113.76000213623048,112.98999786376952,256200.0,110.7197265625,113.2933349609375,-132.47646307796836,113.57200050354004,111.25900039672851,110.17580017089844,104.75720008850098,401993.3333333333
2018-08-31,114.43000030517578,112.41000366210938,112.52999877929688,114.16999816894531,297100.0,111.87600708007812,113.67000071207684,-52.81922800473706,113.74600028991699,111.44100036621094,110.32580017089843,104.82470008850098,401108.3333333333
2018-09-04,115.9499969482422,113.37000274658205,114.18000030517578,115.22000122070312,261300.0,112.90492248535156,114.84666697184244,113.35261131487827,113.94500045776367,111.6207504272461,110.4934002685547,104.90650009155273,397085.0
2018-09-05,115.61000061035156,114.23999786376952,115.37000274658205,115.27999877929688,291100.0,112.96371459960938,115.04333241780597,94.26406170102716,114.10650024414062,111.80950031280517,110.63220031738281,105.04360008239746,391275.0
2018-09-06,117.0,114.58999633789062,115.27999877929688,115.73999786376952,341300.0,113.41445922851562,115.77666473388672,99.79781553435404,114.24500007629395,112.0075002670288,110.80280029296875,105.18240005493163,358900.0
2018-09-07,116.77999877929688,114.68000030517578,115.4499969482422,114.98999786376952,435200.0,112.67952728271484,115.48333231608072,61.32896543522243,114.3654998779297,112.15900020599365,110.97240020751953,105.31370002746581,349580.0
2018-09-10,117.31999969482422,115.1999969482422,115.33999633789062,116.79000091552734,492400.0,114.44336700439452,116.43666585286456,129.99634784141853,114.66300010681152,112.3495002746582,111.18480026245118,105.46310005187988,350463.3333333333
2018-09-11,130.5,119.51000213623048,120.0,124.77999877929688,2042100.0,122.27283477783205,124.93000030517578,166.66666666666617,115.35200004577636,112.727250289917,111.57880020141602,105.69630004882812,374466.6666666667
2018-09-12,128.83000183105472,125.4000015258789,126.26000213623048,128.24000549316406,660200.0,125.663330078125,127.49000295003256,100.57472563715584,116.11900024414062,113.15625038146973,112.07280029296875,105.9710001373291,374783.3333333333
2018-09-13,128.85000610351562,126.56999969482422,128.24000549316406,127.77999877929688,370300.0,125.21256256103516,127.73333485921222,68.66693815810554,116.875,113.63475036621094,112.57140029907227,106.26700012207031,372996.6666666667
2018-09-14,129.0,125.48999786376952,127.98999786376952,126.11000061035156,494500.0,123.57611083984376,126.86666615804035,43.92125133713476,117.50349998474121,114.05850028991699,112.98920028686524,106.55840011596679,371076.6666666667
2018-09-17,126.43000030517578,124.62999725341795,126.43000030517578,125.27999877929688,440500.0,122.76277923583984,125.44666544596356,-66.83701411531231,118.03549995422364,114.44875030517578,113.3570002746582,106.8333000946045,364931.6666666667
2018-09-18,128.83000183105472,126.69000244140624,127.6500015258789,127.76000213623048,587500.0,125.19295501708984,127.76000213623048,64.68485941103374,118.68600006103516,114.90950031280518,113.75160034179687,107.13920013427735,357758.3333333333
2018-09-19,128.24000549316406,126.95999908447266,127.66999816894531,127.16999816894531,441700.0,124.61480712890624,127.45666758219403,37.574376780033724,119.19850006103516,115.37625026702881,114.1404002380371,107.44520011901855,354956.6666666667
2018-09-20,129.36000061035156,127.4499969482422,127.63999938964844,128.27000427246094,413100.0,125.69269561767578,128.36000061035156,96.44245885655552,119.75400009155274,115.8850004196167,114.54940032958984,107.76190017700195,353675.0
2018-09-21,129.19999694824222,127.5999984741211,128.35000610351562,128.8800048828125,700100.0,126.29045867919922,128.56000010172522,81.63789347970916,120.37050018310546,116.37125053405762,114.94840042114258,108.06740020751953,354965.0
2018-09-24,129.08000183105472,127.5999984741211,128.5,128.35000610351562,399600.0,125.77110290527344,128.34333546956378,42.264946166576294,121.0180004119873,116.8577507019043,115.33200057983399,108.36090026855469,346435.0
2018-09-25,130.19999694824222,128.69999694824222,129.27000427246094,129.25,637000.0,126.65300750732422,129.38333129882815,145.59385646888697,121.77500038146972,117.33975067138672,115.72360061645507,108.66540023803711,348033.3333333333
2018-09-26,130.49000549316406,128.27000427246094,129.71000671386722,129.63999938964844,274600.0,127.03517150878906,129.4666697184245,89.0983067831387,122.54000053405761,117.84625072479248,116.09480056762695,108.96640022277832,345425.0
2018-09-27,130.33999633789062,129.19999694824222,129.6300048828125,129.74000549316406,220100.0,127.13317108154295,129.75999959309894,84.14399787902525,123.32150077819824,118.38225078582764,116.51680068969726,109.25420028686523,345893.3333333333
2018-09-28,130.74000549316406,128.97000122070312,129.92999267578122,129.11000061035156,277600.0,126.5158233642578,129.6066691080729,50.70000080511876,124.12750091552735,118.8497507095337,116.91580062866211,109.55840026855469,345751.6666666667
2018-10-01,129.71000671386722,127.36000061035156,129.1199951171875,127.56999969482422,341200.0,125.00677490234376,128.21333567301429,-166.66666666666225,124.7975009918213,119.27175064086914,117.27380065917968,109.83970024108886,345488.3333333333
2018-10-02,128.14999389648438,126.56999969482422,127.06999969482422,127.13999938964844,408000.0,124.58541107177734,127.28666432698569,-117.91059086532348,125.39350090026855,119.66925067901612,117.63000061035156,110.11780021667481,347576.6666666667
2018-10-03,127.94000244140624,126.12000274658205,127.1999969482422,126.20999908447266,279900.0,123.67410278320312,126.75666809082031,-96.1726503866375,125.94000091552735,120.02325057983398,117.98420059204102,110.38250022888184,348825.0
2018-10-04,126.54000091552734,123.95999908447266,126.13999938964844,124.31999969482422,499600.0,121.82207489013672,124.93999989827472,-130.19927723272258,126.36900100708007,120.30700054168702,118.31220062255859,110.62360023498535,351988.3333333333
2018-10-05,125.61000061035156,122.58000183105469,124.13999938964844,123.4000015258789,300400.0,120.9205551147461,123.86333465576172,-108.1138822863944,126.78950119018555,120.57750053405762,118.59160064697265,110.85400024414062,352978.3333333333
2018-10-08,124.19000244140624,122.0500030517578,123.31999969482422,123.58000183105469,304300.0,121.09693908691406,123.27333577473956,-90.42582363106924,127.12900123596191,120.89600067138672,118.88540069580078,111.07470024108886,353035.0
2018-10-09,124.72000122070312,122.77999877929688,123.81999969482422,124.20999908447266,280800.0,121.71427917480469,123.90333302815756,-41.25041041643284,127.1005012512207,121.22625064849854,119.17020065307617,111.30450019836425,353740.0
2018-10-10,124.56999969482422,122.54000091552734,123.98999786376952,122.7300033569336,272200.0,120.26403045654295,123.2800013224284,-82.85060168145138,126.82500114440919,121.4720006942749,119.43720077514648,111.5259002685547,351831.6666666667
2018-10-11,127.11000061035156,122.33000183105469,122.41000366210938,125.02999877929688,802900.0,122.51779174804688,124.82333374023438,150.1611650631507,126.68750114440918,121.78125057220458,119.77180068969727,111.77320022583008,358953.3333333333
2018-10-12,126.52999877929688,121.66000366210938,125.54000091552734,123.70999908447266,527800.0,121.22432708740234,123.96666717529295,17.074093926385807,126.56750106811523,122.03550052642822,120.03780059814453,112.04250022888183,363143.3333333333
2018-10-15,126.1500015258789,123.45999908447266,123.75,125.36000061035156,276300.0,122.84119415283205,124.99000040690106,93.05944683204207,126.57150115966797,122.3035005569458,120.33120056152343,112.29760025024414,365033.3333333333
2018-10-16,127.5,125.1500015258789,125.66999816894531,127.41999816894531,248600.0,124.85977935791016,126.68999989827472,143.49113093851446,126.55450096130372,122.62025051116943,120.65480056762695,112.60460021972656,365021.6666666667
2018-10-17,129.52000427246094,126.4000015258789,127.56999969482422,129.08999633789062,413000.0,126.4962158203125,128.3366673787435,122.49494760645528,126.65050086975097,122.92450046539307,120.99560043334961,112.93300018310546,368076.6666666667
2018-10-18,130.28999328613278,127.61000061035156,129.77999877929688,127.87999725341795,378500.0,125.31053924560548,128.59333038330078,85.01055851491247,126.63100051879883,123.19250030517578,121.2938003540039,113.24430015563965,370075.0
2018-10-19,128.49000549316406,126.19000244140624,128.05999755859378,126.70999908447266,235100.0,124.1640396118164,127.13000233968097,-1.1388103077083689,126.52250022888184,123.44650020599366,121.57640029907226,113.52300018310547,367216.6666666667
2018-10-22,127.12999725341795,124.93000030517578,126.41999816894531,125.6500015258789,267400.0,123.12535095214844,125.90333302815756,-104.85857395580153,126.3875,123.70275020599365,121.87260040283203,113.81150016784667,367985.0
2018-10-23,126.80999755859376,122.33999633789062,124.7300033569336,126.05999755859376,258500.0,123.52709197998048,125.06999715169269,-106.17695577424904,126.22799987792969,124.0015001296997,122.1738003540039,114.10510017395019,367735.0
2018-10-24,127.83000183105469,124.87000274658205,125.83999633789062,124.98999786376952,394200.0,122.4786148071289,125.89666748046876,-38.59508961743831,125.99549980163575,124.26775016784669,122.41560028076172,114.39330017089844,368985.0
2018-10-25,126.08999633789062,124.1500015258789,125.18000030517578,124.47000122070312,206600.0,121.96905517578124,124.90333302815756,-92.07933487523071,125.7319995880127,124.52675018310546,122.65180023193359,114.66050018310547,369776.6666666667
2018-10-26,124.04000091552734,120.63999938964844,123.51000213623048,122.0199966430664,392800.0,119.56829071044922,122.23333231608072,-166.66666666666853,125.37749938964843,124.75250015258788,122.82140014648438,114.89370018005371,371933.3333333333
2018-10-29,125.45999908447266,120.0,122.66000366210938,123.9800033569336,246400.0,121.48890686035156,123.14666748046876,-58.93869116942075,125.1979995727539,124.9977502822876,123.00820022583008,115.16540023803711,372066.6666666667
2018-10-30,127.87999725341795,122.80999755859376,124.16000366210938,126.5,273800.0,123.9582748413086,125.72999827067059,66.39079498520005,125.16599960327149,125.27975025177003,123.24320022583008,115.46430023193359,373216.6666666667
2018-10-31,127.30999755859376,124.7300033569336,126.66000366210938,126.11000061035156,231200.0,123.8600616455078,126.05000050862628,79.20541891798644,125.16099967956544,125.55050029754639,123.4270002746582,115.76170021057129,373408.3333333333
2018-11-01,127.4800033569336,124.7699966430664,126.1999969482422,126.58000183105469,213700.0,124.32167053222656,126.27666727701825,66.31067068644421,125.27399978637695,125.82150039672851,123.61540023803711,116.06080024719239,374045.0
2018-11-02,128.47999572753906,126.55999755859376,126.87999725341795,127.87999725341795,189500.0,125.59847259521484,127.63999684651691,117.22193409407907,125.49799957275391,126.14375038146973,123.84200012207032,116.3478002166748,373101.6666666667
2018-11-05,128.63999938964844,127.02999877929688,127.87000274658205,128.30999755859378,230000.0,126.02080535888672,127.99333190917969,96.98195325457749,125.73449935913087,126.43175029754639,124.10020004272461,116.63980018615723,373790.0
2018-11-06,129.77000427246094,127.0,128.3800048828125,129.1300048828125,214200.0,126.826171875,128.63333638509116,94.8262066545682,125.98049964904786,126.54050045013427,124.40060012817383,116.9228002166748,373815.0
2018-11-07,132.64999389648438,129.02000427246094,129.02000427246094,132.32000732421878,255300.0,129.95927429199222,131.33000183105472,153.25299876509638,126.4599998474121,126.64250049591064,124.7602003479004,117.23990028381348,373558.3333333333
2018-11-08,133.07000732421878,130.10000610351562,132.21000671386722,130.97999572753906,146800.0,128.64315795898438,131.38333638509116,84.46675958902678,126.75749969482422,126.7225004196167,125.09760025024414,117.54410026550293,372601.6666666667
2018-11-09,131.30999755859378,129.05999755859378,130.52000427246094,130.53999328613278,189900.0,128.21102905273438,130.30332946777344,19.328432635129353,127.09899940490723,126.83325023651123,125.4486001586914,117.81220016479492,371785.0
2018-11-12,131.28999328613278,128.72999572753906,130.03999328613278,129.80000305175778,227400.0,127.48422241210938,129.93999735514322,-30.327514830281267,127.32099952697754,126.94625034332276,125.76120025634765,118.04350021362305,372256.6666666667
2018-11-13,130.14999389648438,127.80999755859376,130.14999389648438,127.87999725341795,232000.0,125.59847259521484,128.61332956949872,-135.92260320827134,127.34399948120117,126.94925022125244,126.01440017700196,118.25390022277833,372153.3333333333
2018-11-14,129.50999450683594,126.22000122070312,128.66999816894528,126.41999816894531,252300.0,124.16452026367188,127.38333129882812,-116.91046333780487,127.2104995727539,126.93050022125244,126.23720016479493,118.43470024108886,371076.6666666667
2018-11-15,127.56999969482422,124.70999908447266,126.52999877929688,127.5500030517578,296800.0,125.2743682861328,126.61000061035156,-103.81351046478184,127.19399986267089,126.91250019073486,126.47340026855468,118.63810028076172,371691.6666666667
2018-11-16,129.41999816894528,126.08999633789062,126.94000244140624,128.44000244140622,362100.0,126.1484832763672,127.9833323160807,-8.731923703934546,127.28050003051757,126.90150012969971,126.74240036010742,118.85740028381348,372318.3333333333
2018-11-19,129.50999450683594,126.44000244140624,128.55999755859378,126.75,209700.0,124.48863220214844,127.56666564941406,-8.079251766691304,127.33549995422364,126.86149997711182,126.94160034179687,119.06320030212402,370980.0
2018-11-20,127.04000091552734,124.33999633789062,127.04000091552734,124.86000061035156,350400.0,122.63235473632812,125.41333262125653,-134.22942664236572,127.27550010681152,126.7517499923706,126.94320037841797,119.26100028991699,370795.0
2018-11-21,126.22000122070312,123.62000274658205,124.76000213623048,125.45999908447266,165900.0,123.22166442871094,125.1000010172526,-93.54889463625359,127.29900016784669,126.64724998474121,126.88760025024413,119.48020027160645,367613.3333333333
2018-11-23,127.87000274658205,125.6500015258789,125.6500015258789,127.08000183105469,105900.0,124.812744140625,126.86666870117188,17.594574941493434,127.42950019836425,126.58074989318848,126.87360031127929,119.72250030517579,363581.6666666667
2018-11-26,128.47999572753906,126.83000183105469,128.30000305175778,127.70999908447266,138200.0,125.43150329589844,127.67333221435548,75.57418958077163,127.71400032043456,126.5457498550415,126.90560028076172,119.94740028381348,361615.0
2018-11-27,128.94999694824222,127.06999969482422,127.33999633789062,127.12000274658205,134100.0,124.85205078125,127.7133331298828,74.55009945997305,127.87100028991699,126.53449993133545,126.94240036010743,120.14970031738281,358898.3333333333
2018-11-28,128.97999572753906,126.2699966430664,126.86000061035156,128.24000549316406,144600.0,125.95207977294922,127.82999928792316,62.76371944717154,127.9580005645752,126.56200008392334,126.95200042724609,120.35180038452148,356953.3333333333
2018-11-29,130.72000122070312,127.83000183105469,127.9499969482422,130.21000671386722,282300.0,127.88690185546876,129.586669921875,166.66666666666453,128.163000869751,126.6620002746582,127.01280059814454,120.57660041809082,356806.6666666667
2018-11-30,131.08000183105472,128.58000183105472,129.30999755859378,129.47000122070312,312400.0,127.16014099121094,129.71000162760419,87.8187677323362,128.3075008392334,126.79075031280517,127.03680053710937,120.79310043334961,356325.0
2018-12-03,130.92999267578122,127.16000366210938,129.89999389648438,130.74000549316406,393300.0,128.40745544433594,129.61000061035156,53.65117814306944,128.45050125122071,126.9742504119873,127.07400054931641,121.0112004852295,355626.6666666667
2018-12-04,131.97999572753906,125.12999725341795,131.52000427246094,126.58000183105469,515700.0,124.32167053222656,127.89666493733722,-80.72104749413879,128.36400146484374,127.0492504119873,127.03860046386718,121.18530052185059,356015.0
2018-12-06,126.9800033569336,123.4800033569336,126.23999786376952,126.01000213623048,310300.0,123.7618408203125,125.49000295003256,-140.13707646025622,128.20800132751464,127.09425048828125,126.9738005065918,121.34870056152344,327151.6666666667
2018-12-07,126.83999633789062,121.4000015258789,125.6500015258789,121.4800033569336,416500.0,119.31266784667969,123.24000040690106,-116.52705551529213,127.66600112915039,127.06300048828125,126.8106005859375,121.45270057678222,323090.0
2018-12-10,122.12999725341795,118.4499969482422,121.26000213623048,119.68000030517578,755200.0,117.5447769165039,120.086664835612,-119.81675239729749,127.10100135803222,126.92925052642822,126.60940048217773,121.5631005859375,329505.0
2018-12-11,129.66999816894528,116.2300033569336,116.79000091552734,129.46000671386722,1403400.0,127.15030670166016,125.12000274658205,23.222417728633822,127.04700202941895,127.07300071716308,126.61640060424804,121.76610061645508,344653.3333333333
2018-12-12,137.08000183105472,129.49000549316406,130.0,135.69999694824222,1024600.0,133.2789306640625,134.09000142415366,166.66666666666583,127.34200172424316,127.33150062561035,126.77900054931641,122.02640060424805,354388.3333333333
2018-12-13,137.05000305175778,135.00999450683594,136.75999450683594,136.67999267578122,576900.0,134.241455078125,136.24666341145834,95.4575868981322,127.78200149536133,127.56300048828125,126.96980041503906,122.29990051269532,354211.6666666667
2018-12-14,137.0,133.55999755859378,136.03999328613278,134.30999755859378,395300.0,131.91374206542972,134.9566650390625,53.98695168695123,128.17650146484374,127.69350051879883,127.13180038452148,122.55800048828125,353438.3333333333
2018-12-17,134.83999633789062,131.47000122070312,134.17999267578122,131.66999816894528,487200.0,129.32086181640622,132.65999857584634,1.008102553437903,128.38250122070312,127.788250541687,127.2788003540039,122.79550048828125,354673.3333333333
2018-12-18,133.33999633789062,129.66999816894528,131.88999938964844,130.19999694824222,367900.0,127.8770751953125,131.06999715169272,-117.48870669018845,128.47050094604492,127.87550048828125,127.41480026245117,123.00320045471192,349136.6666666667
2018-12-19,131.61000061035156,127.47000122070312,130.28999328613278,128.22999572753906,242800.0,125.94222259521484,129.10333251953122,-110.46163107738249,128.54450073242188,127.94000034332275,127.50780014038087,123.19660041809082,346523.3333333333
2018-12-20,128.3800048828125,125.2699966430664,128.25999450683594,126.44000244140624,282500.0,124.18417358398438,126.69666798909503,-116.7889828054892,128.6235008239746,127.94950046539307,127.55240020751953,123.36130043029785,340615.0
2018-12-21,128.67999267578122,124.2300033569336,126.83000183105469,124.5500030517578,581300.0,122.32788848876952,125.8199996948242,-96.32486721892795,128.57800102233887,127.93850059509278,127.58880020141602,123.51300048828125,345726.6666666667
2018-12-24,126.05999755859376,121.23999786376952,124.16999816894531,121.3499984741211,165700.0,119.18497467041016,122.88333129882812,-118.64445116832488,128.2915008544922,127.86050052642823,127.5152001953125,123.64350044250489,344820.0
2018-12-26,126.9000015258789,121.5,121.5,126.5999984741211,246600.0,124.34132385253906,125.0,-37.54026429310286,128.23600082397462,127.97500057220459,127.57300018310546,123.805400390625,344303.3333333333
2018-12-27,126.83999633789062,122.86000061035156,125.44000244140624,126.79000091552734,247000.0,124.52792358398438,125.49666595458984,21.36633416250097,128.21950073242186,128.04525051116943,127.60160018920898,123.9664003753662,342733.3333333333
2018-12-28,128.3699951171875,125.63999938964844,126.97000122070312,126.75,239100.0,124.48863220214844,126.91999816894531,110.21569350737705,128.14500045776367,128.05150051116942,127.58820022583008,124.12150039672852,339918.3333333333
2018-12-31,128.52999877929688,126.0500030517578,127.79000091552734,128.13999938964844,288500.0,125.85383605957031,127.57333374023438,99.61462130158242,128.04150009155273,128.10225048065186,127.56920028686524,124.28240036010742,340061.6666666667
2019-01-02,127.12999725341795,124.69000244140624,127.11000061035156,126.26000213623048,462400.0,124.00737762451172,126.02666727701825,-14.110688501533543,127.8810001373291,128.09425048828126,127.53680038452148,124.4153003692627,339441.6666666667
2019-01-03,127.06999969482422,124.4800033569336,126.25,124.62000274658205,342100.0,122.39663696289062,125.39000193277997,-76.94511520764274,127.575,128.01275062561035,127.49500045776367,124.53570037841797,340136.6666666667
2019-01-04,129.0,124.52999877929688,125.5,128.38999938964844,377100.0,126.09938049316406,127.30666605631512,59.12062844892607,127.66549987792969,128.0147506713867,127.54980041503906,124.71120040893555,341350.0
2019-01-07,130.30000305175778,126.83999633789062,127.87000274658205,128.19000244140622,260000.0,125.9029541015625,128.4433339436849,100.51990963979877,127.77449989318848,127.99125061035156,127.5924005126953,124.88310043334961,341003.3333333333
2019-01-08,130.03999328613278,128.3800048828125,129.94000244140622,129.58000183105472,206000.0,127.26813507080078,129.33333333333334,106.45726698180052,128.17949981689452,127.92275047302246,127.68420059204101,125.04990043640137,339900.0
2019-01-09,131.52000427246094,128.8800048828125,130.33000183105472,129.57000732421878,187000.0,127.25833892822266,129.99000549316406,90.64286475537503,128.67400016784669,127.88750076293945,127.78620071411133,125.21900047302246,329635.0
2019-01-10,130.94999694824222,127.76000213623048,129.57000732421878,130.30000305175778,156400.0,127.97531127929688,129.67000071207679,55.9866478249311,128.71599998474122,127.88150100708008,127.95180084228515,125.38660049438477,323445.0
2019-01-11,131.57000732421878,129.80000305175778,130.50999450683594,131.03999328613278,161400.0,128.70210266113278,130.8033345540365,126.73661326433952,128.48299980163574,127.91250076293946,128.09300064086915,125.55060043334962,321530.0
2019-01-14,132.53999328613278,130.21000671386722,130.3800048828125,130.83999633789062,234000.0,128.50567626953122,131.1966654459635,103.78526246659548,128.1909999847412,127.98650074005127,128.17980056762696,125.71150039672851,321286.6666666667
2019-01-15,133.19000244140622,130.89999389648438,131.3699951171875,132.69999694824222,236700.0,130.33248901367188,132.2633310953776,129.0736043888261,128.11049995422363,128.1435007095337,128.31160049438478,125.86930038452148,318348.3333333333
2019-01-16,133.91999816894528,131.50999450683594,132.77000427246094,133.03999328613278,201700.0,130.66639709472656,132.82332865397134,102.9082284822986,128.17899971008302,128.28075046539306,128.44080032348631,126.02810028076172,315401.6666666667
2019-01-17,134.58000183105472,131.89999389648438,132.35000610351562,133.42999267578122,294000.0,131.04945373535156,133.30332946777344,94.72279496531175,128.34049949645996,128.40550022125245,128.55180023193358,126.19690017700195,316383.3333333333
2019-01-18,135.27000427246094,132.75999450683594,133.97000122070312,134.02999877929688,223600.0,131.63874816894528,134.0199991861979,109.1685868437358,128.63049964904786,128.58750019073486,128.66620025634765,126.38320014953614,315653.3333333333
2019-01-22,133.69999694824222,131.08999633789062,133.46000671386722,132.58999633789062,169900.0,130.22442626953122,132.45999654134116,-62.28792362575799,128.93799934387206,128.78075008392335,128.7354000854492,126.56800010681152,314176.6666666667
2019-01-23,134.1199951171875,131.66999816894528,133.19000244140622,133.38999938964844,253000.0,131.01017761230472,133.05999755859378,-11.566659959873428,129.3799991607666,128.97900009155273,128.75679992675782,126.75850013732911,311823.3333333333
2019-01-24,134.19000244140622,132.55999755859378,133.41000366210938,133.94999694824222,292000.0,131.56016540527344,133.56666564941406,45.44502311712628,130.00999908447267,129.15074996948243,128.81619995117188,126.95690010070801,313246.6666666667
2019-01-25,135.77999877929688,133.36000061035156,134.8699951171875,133.66000366210938,419600.0,131.27536010742188,134.26666768391928,92.35081376466486,130.36299934387208,129.29950008392333,128.8786001586914,127.16360015869141,313693.3333333333
2019-01-28,134.27999877929688,131.22000122070312,133.03999328613278,131.30000305175778,247800.0,128.95747375488278,132.26666768391928,-90.13144273448604,130.5884994506836,129.40400009155275,128.9086001586914,127.33490020751952,313716.6666666667
2019-01-29,131.28999328613278,128.91000366210938,131.28999328613278,130.02999877929688,241500.0,127.71012115478516,130.07666524251306,-145.16987571224837,130.75249938964845,129.44874992370606,128.951600189209,127.48300018310547,313178.3333333333
2019-01-30,131.02000427246094,128.27000427246094,130.05999755859378,129.42999267578122,327100.0,127.1208267211914,129.57333374023438,-93.2025761138165,130.81699905395507,129.42924957275392,129.0118000793457,127.62450012207032,314776.6666666667
2019-01-31,128.91999816894528,124.72000122070312,128.8800048828125,128.67999267578122,485300.0,126.66800689697266,127.4399973551432,-107.67988627479679,130.93799858093263,129.40949935913085,129.03439987182617,127.75390007019043,319303.3333333333
2019-02-01,128.83999633789062,126.3000030517578,128.42999267578122,127.12999725341795,359200.0,125.14225006103516,127.42333221435548,-83.69417542170049,131.06349830627443,129.3192491531372,129.00819976806642,127.87530006408691,322131.6666666667
2019-02-04,129.74000549316406,126.20999908447266,127.68000030517578,129.16000366210938,314500.0,127.14051818847656,128.37000274658206,-13.795963286008126,131.10199851989745,129.38374919891356,129.0563998413086,127.99900009155273,323540.0
2019-02-05,132.22000122070312,129.16000366210938,129.16000366210938,131.74000549316406,288400.0,129.68017578125,131.04000345865884,123.08475402833784,131.27949867248535,129.52699928283693,129.19399993896485,128.0686001586914,324776.6666666667
2019-02-06,133.16000366210938,131.10000610351562,132.0,132.75,241400.0,130.67439270019528,132.336669921875,106.165162605863,131.43799858093263,129.80874919891357,129.3397999572754,128.11370010375975,324545.0
2019-02-07,132.41000366210938,130.46000671386722,132.41000366210938,131.36000061035156,200600.0,129.30610656738278,131.41000366210938,48.588177235282714,131.52749824523926,130.10074920654296,129.42539993286132,128.14950012207032,325441.6666666667
2019-02-08,131.64999389648438,126.66000366210938,130.86000061035156,128.78999328613278,289100.0,126.77628326416016,129.0333302815755,-67.41552983850326,131.451997756958,130.0839988708496,129.44699981689453,128.17630004882812,327095.0
2019-02-11,131.6199951171875,128.72000122070312,128.72000122070312,131.27999877929688,334600.0,129.22737121582028,130.53999837239584,-25.491531227387465,131.4639980316162,129.97349891662597,129.53019973754883,128.23630004882813,328881.6666666667
2019-02-12,133.08999633789062,130.60000610351562,131.8699951171875,132.30999755859378,310300.0,130.24127197265622,132.0,61.0645557128378,131.53749809265136,129.8642490386963,129.6115995788574,128.28180000305176,330186.6666666667
2019-02-13,132.91000366210938,131.58999633789062,132.30000305175778,132.27999877929688,205000.0,130.21173095703122,132.25999959309894,79.98753558597983,131.5164981842041,129.81349906921386,129.65299942016603,128.33290000915528,329398.3333333333
2019-02-14,133.57000732421878,131.05000305175778,131.89999389648438,133.02999877929688,320700.0,130.94999694824222,132.55000305175778,71.21561187152291,131.5159984588623,129.84749908447264,129.7241993713379,128.38049995422364,329796.6666666667
2019-02-15,135.71000671386722,133.63999938964844,133.69000244140622,135.55000305175778,511000.0,133.43061828613278,134.9666697184245,161.08952671520368,131.62199897766112,129.98124923706055,129.82039932250976,128.4471999359131,332278.3333333333
2019-02-19,136.38999938964844,134.33000183105472,136.1300048828125,134.94999694824222,289500.0,132.83998107910156,135.22333272298178,89.64264930555531,131.6679988861084,130.1492492675781,129.98779922485352,128.51319984436034,333608.3333333333
2019-02-20,135.44999694824222,133.8699951171875,134.89999389648438,134.27999877929688,316000.0,132.18045043945312,134.5333302815755,34.7760038883655,131.75249900817872,130.3452491760254,130.15319915771485,128.56349983215333,333035.0
2019-02-21,134.94999694824222,133.1300048828125,134.46000671386722,133.80000305175778,212300.0,131.70797729492188,133.96000162760416,-24.08960453432564,131.77299919128419,130.57649917602538,130.39959915161134,128.6050998687744,333808.3333333333
2019-02-22,134.97000122070312,132.80000305175778,134.00999450683594,134.86000061035156,165300.0,132.75140380859378,134.21000162760416,-59.50049614804488,131.81849937438966,130.91424922943116,130.70319915771483,128.6562998199463,334798.3333333333
2019-02-25,136.1300048828125,134.55000305175778,135.25,135.44999694824222,268200.0,133.3321533203125,135.37666829427084,93.32652336563338,131.9079990386963,131.13549919128417,130.82299896240235,128.71969978332518,336965.0
2019-02-26,138.44999694824222,134.91999816894528,135.71000671386722,136.94999694824222,501000.0,134.80870056152344,136.77333068847656,136.02963697150508,132.1904987335205,131.38949909210206,130.84799896240236,128.81349975585937,343080.0
2019-02-27,138.24000549316406,135.94999694824222,137.19999694824222,136.42999267578122,476100.0,134.29684448242188,136.87333170572916,86.34251666108742,132.51049842834473,131.63149890899658,130.84299896240233,128.9063996887207,348605.0
2019-02-28,136.53999328613278,134.10000610351562,136.50999450683594,134.74000549316406,323900.0,132.63328552246094,135.12666829427084,-39.47111301760735,132.77599906921387,131.79649906158448,130.85159912109376,128.99169975280762,349298.3333333333
2019-03-01,135.69000244140622,133.19000244140622,134.86000061035156,134.85000610351562,287700.0,132.74154663085938,134.57667032877606,-90.34217864025815,133.0844997406006,132.0112491607666,130.91519927978516,129.09699981689454,348886.6666666667
2019-03-04,135.25,131.66999816894528,134.85000610351562,133.27999877929688,372900.0,131.19612121582028,133.3999989827474,-110.29433510305908,133.39199981689453,132.22774906158446,130.97679931640624,129.19579978942872,348546.6666666667
2019-03-05,134.24000549316406,132.82000732421878,133.33000183105472,133.24000549316406,197600.0,131.15673828125,133.43333943684894,-78.94941644252059,133.59599990844725,132.34899921417235,131.07699951171875,129.2923998260498,343245.0
2019-03-06,134.07000732421878,131.77999877929688,133.50999450683594,131.85000610351562,245500.0,129.78843688964844,132.5666707356771,-101.35783357046623,133.60149993896485,132.4404993057251,131.18519958496094,129.36879989624023,342165.0
2019-03-07,132.02000427246094,127.6999969482422,130.91000366210938,131.39999389648438,327900.0,129.34547424316406,130.37333170572916,-148.6112332217059,133.53399963378905,132.48599910736084,131.32219940185547,129.45549980163574,340688.3333333333
2019-03-08,132.0,128.61000061035156,130.94000244140622,129.27000427246094,432000.0,127.24880981445312,129.96000162760416,-93.0086529246294,133.42949981689452,132.4784990310669,131.48059951782227,129.4978998565674,335301.6666666667
2019-03-11,132.05000305175778,129.0,129.0,131.28999328613278,721100.0,129.23721313476562,130.77999877929688,-33.95331439424756,133.55449981689452,132.50324878692626,131.5743994140625,129.573699798584,323930.0
2019-03-12,136.52000427246094,131.71000671386722,135.0,131.86000061035156,1020300.0,129.79830932617188,133.36333719889322,104.661913322771,133.58349990844727,132.52374897003173,131.67579940795898,129.63869979858399,323858.3333333333
2019-03-13,133.58000183105472,128.47000122070312,132.52999877929688,129.19000244140622,751900.0,127.1700439453125,130.41333516438806,-39.453956654234425,133.4275001525879,132.48249912261963,131.7245994567871,129.6563998413086,326775.0
2019-03-14,129.80000305175778,127.62000274658205,128.50999450683594,127.62999725341795,424700.0,125.63442993164062,128.3500010172526,-123.65594500453888,133.19500007629395,132.35574913024902,131.7143994140625,129.64179985046385,327265.0
2019-03-15,128.91999816894528,127.3499984741211,128.0,127.66999816894531,672200.0,125.67381286621094,127.97999827067059,-90.99447592710744,132.92700004577637,132.22149925231935,131.7425993347168,129.63969985961913,330348.3333333333
2019-03-18,128.1300048828125,126.56999969482422,127.91000366210938,127.95999908447266,406800.0,125.9592742919922,127.55333455403644,-69.9768474098408,132.5474998474121,132.0847494125366,131.8093992614746,129.65219985961915,330996.6666666667
2019-03-19,128.6199951171875,126.16000366210938,128.39999389648438,126.54000091552734,423400.0,124.5614776611328,127.1066665649414,-88.85857614327914,132.12700004577636,131.8974994659424,131.7723992919922,129.66109985351562,334006.6666666667
2019-03-20,127.37000274658205,125.81999969482422,126.08999633789062,126.4499969482422,608100.0,124.47288513183594,126.54666646321613,-117.61344735825807,131.73549995422363,131.74399948120117,131.73759918212892,129.6649998474121,339433.3333333333
2019-03-21,126.75,125.1500015258789,125.97000122070312,126.1500015258789,361000.0,124.17758178710938,126.01666768391928,-112.42858119328899,131.35299987792968,131.56299953460694,131.66899917602538,129.6765998840332,335761.6666666667
2019-03-22,126.2699966430664,123.72000122070312,126.0199966430664,123.8000030517578,363900.0,121.86432647705078,124.59666697184244,-139.29175857660118,130.8,131.30924968719484,131.55359909057617,129.66989990234376,339065.0
2019-03-25,125.6500015258789,122.86000061035156,123.79000091552734,124.79000091552734,316800.0,122.83883666992188,124.43333435058594,-88.88886582193493,130.26700019836426,131.08749961853027,131.44339904785156,129.69759994506836,340235.0
2019-03-26,126.70999908447266,124.95999908447266,125.56999969482422,125.83999633789062,342300.0,123.87242889404295,125.836664835612,30.09483276040496,129.71150016784668,130.95099945068358,131.3393991088867,129.71619987487793,341823.3333333333
2019-03-27,127.08000183105469,124.5199966430664,125.94000244140624,126.5999984741211,330900.0,124.62055206298828,126.06666564941406,64.44441344242972,129.22000045776366,130.8652494430542,131.25459915161133,129.71719985961914,343353.3333333333
2019-03-28,128.55999755859378,126.38999938964844,126.87000274658205,127.7300033569336,243700.0,125.73287200927734,127.56000010172528,131.04303066463137,128.86950035095214,130.822749710083,131.15519927978517,129.73339988708497,342606.6666666667
2019-03-29,129.60000610351562,127.79000091552734,127.79000091552734,128.77000427246094,368200.0,126.75660705566406,128.72000376383465,113.23030671605143,128.5655002593994,130.825,131.06979949951173,129.75529991149904,341036.6666666667
2019-04-01,129.66000366210938,128.44000244140622,129.5,129.41999816894528,360400.0,127.3964385986328,129.17333475748694,93.33180489034734,128.37250022888185,130.88225002288817,130.989599609375,129.7706999206543,341341.6666666667
2019-04-02,129.41999816894528,127.75,129.28999328613278,128.75999450683594,331300.0,126.74676513671876,128.6433308919271,41.734789939076585,128.14849967956542,130.87224979400634,130.8841995239258,129.77519989013672,340578.3333333333
2019-04-03,130.61000061035156,127.80999755859376,129.41999816894528,130.03999328613278,288800.0,128.00672912597656,129.48666381835938,104.33545894614498,128.0579990386963,130.82974948883057,130.83319946289063,129.7842997741699,341058.3333333333
2019-04-04,130.6300048828125,129.72999572753906,130.24000549316406,130.08000183105472,310500.0,128.04612731933594,130.14666748046878,130.53048548593014,127.9919994354248,130.76299953460693,130.76699951171875,129.76189971923827,342800.0
2019-04-05,131.16000366210938,130.10000610351562,130.13999938964844,130.83000183105472,374700.0,128.78440856933594,130.69667053222656,112.2564265516263,128.0699993133545,130.74974956512452,130.704599609375,129.76039978027345,345928.3333333333
2019-04-08,131.5,129.77999877929688,130.83000183105472,129.94999694824222,275200.0,127.91813659667969,130.40999857584634,54.756760324662196,128.00299949645995,130.77874965667723,130.63039947509765,129.75449981689454,347908.3333333333
2019-04-09,130.69000244140622,128.69000244140622,129.58000183105472,128.69000244140622,251100.0,126.67787170410156,129.35666910807288,-92.39597570171513,127.8444995880127,130.71399974822998,130.57819946289064,129.743399810791,349403.3333333333
2019-04-10,130.33000183105472,128.77999877929688,128.97999572753906,130.17999267578122,351300.0,128.14453125,129.7633310953776,-50.410606559234935,127.89399909973145,130.66074962615966,130.58119934082032,129.76639976501465,351358.3333333333
2019-04-11,131.91999816894528,129.72999572753906,130.3800048828125,131.72999572753906,324400.0,129.67033386230472,131.12666320800778,100.37488539800007,128.0989990234375,130.6469995498657,130.62719940185548,129.81949974060058,352820.0
2019-04-12,133.05000305175778,131.30000305175778,132.13999938964844,132.47999572753906,250600.0,130.40861511230472,132.27666727701822,126.3080978521493,128.3394989013672,130.63324947357177,130.70319946289064,129.8687996673584,353635.0
2019-04-15,133.86000061035156,132.1300048828125,132.38999938964844,133.52000427246094,354800.0,131.432373046875,133.17000325520834,106.82236776292835,128.6174991607666,130.58249950408936,130.8309996032715,129.91959968566894,354648.3333333333
2019-04-16,134.72999572753906,133.25999450683594,134.21000671386722,133.39999389648438,258400.0,131.314208984375,133.79666137695312,93.2557713758437,128.96049880981445,130.5437494277954,130.91579940795899,129.9860996246338,355228.3333333333
2019-04-17,134.44999694824222,132.99000549316406,133.66999816894528,133.71000671386722,214600.0,131.619384765625,133.7166697184245,67.1747758064875,129.3234992980957,130.52949962615966,130.95519943237304,130.07459968566894,355973.3333333333
2019-04-18,135.0,132.8699951171875,133.8800048828125,133.88999938964844,289700.0,131.79656982421878,133.91999816894528,69.45861268249432,129.71049919128419,130.53174953460694,130.97799942016601,130.1588996887207,356585.0
2019-04-22,134.77999877929688,131.30000305175778,133.58999633789062,132.0,387100.0,129.93612670898438,132.6933339436849,-120.97318600788341,130.1204990386963,130.46024951934814,130.99079940795897,130.20809967041015,358170.0
2019-04-23,133.8699951171875,132.27999877929688,132.38999938964844,132.97999572753906,205500.0,130.90077209472656,133.0433298746745,-57.552845279911786,130.52999877929688,130.39849948883057,131.0745994567871,130.26079963684083,354601.6666666667
2019-04-24,134.16999816894528,132.91999816894528,133.08000183105472,133.30000305175778,267100.0,131.21577453613278,133.46333312988278,16.0320573193697,130.90299911499022,130.30724964141845,131.11499954223632,130.3225996398926,354923.3333333333
2019-04-25,132.80999755859378,129.33000183105472,132.44000244140622,129.8699951171875,400400.0,127.83939361572266,130.66999816894534,-161.66010445355062,131.06649894714354,130.1432497024536,131.0661994934082,130.3388995361328,357571.6666666667
2019-04-26,131.07000732421878,128.42999267578122,129.58999633789062,130.41999816894528,360200.0,128.38078308105472,129.97333272298178,-100.9579385329158,131.20099868774415,130.03524951934816,131.02899948120117,130.3409994506836,358123.3333333333
2019-04-29,132.66999816894528,130.57000732421878,130.97999572753906,131.57000732421878,300200.0,129.51283264160156,131.60333760579428,-8.170410286268366,131.34099884033202,129.95324954986572,130.9997996520996,130.36199951171875,355038.3333333333
2019-04-30,132.58000183105472,130.6199951171875,131.05999755859378,132.35000610351562,228600.0,130.56843566894528,131.8500010172526,23.662838942453217,131.48749923706055,129.9299997329712,130.93579971313477,130.37809951782228,352861.6666666667
2019-05-01,135.08999633789062,131.30000305175778,132.33999633789062,131.58000183105472,353600.0,129.80877685546878,132.65666707356772,105.76590381097952,131.62849960327148,129.88849964141846,130.868399810791,130.42809951782226,353513.3333333333
2019-05-02,133.05999755859378,130.02000427246094,131.75999450683594,131.22999572753906,383700.0,129.4635009765625,131.4366658528646,-7.022827451683661,131.6879997253418,129.87299938201903,130.80739974975586,130.48029945373534,355101.6666666667
2019-05-03,132.75999450683594,130.69999694824222,131.8699951171875,131.11000061035156,238200.0,129.34513854980472,131.52333068847656,-55.13459486474267,131.73949966430663,129.8657495498657,130.75359970092774,130.57659942626952,355048.3333333333
2019-05-06,131.71000671386722,130.05000305175778,130.05000305175778,131.03999328613278,277900.0,129.27604675292972,130.93333435058594,-108.52678105418255,131.74999923706054,129.90999927520753,130.67719955444335,130.6901993560791,356336.6666666667
2019-05-07,131.10000610351562,128.27999877929688,130.78999328613278,128.89999389648438,451300.0,127.16486358642578,129.42666625976562,-145.16316213520196,131.69749908447267,129.8502492904663,130.5461994934082,130.68459922790527,359040.0
2019-05-08,132.05999755859378,128.38999938964844,128.86000061035156,131.38999938964844,270400.0,129.621337890625,130.61333211263022,-18.840623938524605,131.83249893188477,129.83849925994872,130.43499954223634,130.64149925231933,357970.0
2019-05-09,133.19000244140622,129.8800048828125,130.72999572753906,132.8800048828125,210100.0,131.09129333496094,131.98333740234378,103.43759773819923,131.96749954223634,129.9307493209839,130.36399978637695,130.60349937438966,356300.0
2019-05-10,135.58000183105472,131.75999450683594,132.80999755859378,134.8800048828125,411100.0,133.06439208984378,134.07333374023438,137.0110210974671,132.125,130.11199951171875,130.36679977416992,130.60919944763182,359735.0
2019-05-13,133.17999267578122,131.1199951171875,133.02999877929688,132.00999450683594,214600.0,130.23300170898438,132.10332743326822,23.833744106577925,132.10149993896485,130.22049942016602,130.30999954223634,130.61259941101073,357966.6666666667
2019-05-14,133.77999877929688,132.00999450683594,132.3699951171875,132.57000732421878,226100.0,130.78547668457028,132.78666687011722,35.38066648195664,132.05400009155272,130.33574962615967,130.29579971313476,130.6362995147705,353218.3333333333
2019-05-15,133.53999328613278,131.52999877929688,132.14999389648438,132.8800048828125,235200.0,131.09129333496094,132.6499989827474,-8.130139487995605,132.02800064086915,130.4942497253418,130.28859970092773,130.68279960632324,352313.3333333333
2019-05-16,135.10000610351562,132.69000244140622,133.22999572753906,133.58999633789062,276600.0,131.79173278808594,133.7933349609375,69.64015368597586,132.02200012207032,130.672749710083,130.32339950561524,130.7542995452881,351656.6666666667
2019-05-17,134.8800048828125,131.47999572753906,133.05000305175778,131.74000549316406,202700.0,129.96664428710938,132.70000203450522,-18.017530384344443,131.91450042724608,130.81249980926515,130.33019973754884,130.82619956970214,351496.6666666667
2019-05-20,132.91000366210938,131.0,131.02999877929688,132.16000366210938,130900.0,130.38099670410156,132.0233357747396,-127.54845643504143,131.92250061035156,131.02149982452391,130.38799972534179,130.93429962158203,350923.3333333333
2019-05-21,133.85000610351562,132.44999694824222,132.53999328613278,133.69999694824222,201900.0,131.90025329589844,133.33333333333334,54.4387498728334,131.95850067138673,131.2442497253418,130.43619979858397,131.00529960632323,349818.3333333333
2019-05-22,134.02999877929688,132.16999816894528,133.28999328613278,133.69000244140622,115000.0,131.890380859375,133.29666646321616,33.36649693807073,131.97800064086914,131.44049987792968,130.47279983520508,131.07429962158204,343385.0
2019-05-23,133.39999389648438,132.0,133.39999389648438,132.99000549316406,183400.0,131.19979858398438,132.79666646321616,-5.727562458917133,132.13400115966797,131.60025005340577,130.54879989624024,131.13669967651367,338506.6666666667
2019-05-24,134.0,132.41000366210938,133.67999267578122,133.27999877929688,158200.0,131.48593139648438,133.2300008138021,46.5780340895917,132.27700119018556,131.73899993896484,130.66179992675782,131.18809967041017,335745.0
2019-05-28,135.24000549316406,133.11000061035156,133.57000732421878,133.11000061035156,168800.0,131.31819152832028,133.82000223795572,155.04372318965528,132.3540008544922,131.8474998474121,130.77059997558592,131.25659965515138,333763.3333333333
2019-05-29,132.38999938964844,130.49000549316406,132.38999938964844,131.22000122070312,168500.0,129.45364379882812,131.36666870117188,-155.96629384628875,132.29750061035156,131.89249992370605,130.83580001831055,131.3225996398926,330356.6666666667
2019-05-30,131.25,129.3699951171875,131.10000610351562,130.07000732421878,179100.0,128.31910705566406,130.2300008138021,-115.11224477955729,132.22200088500978,131.9252502441406,130.90640014648437,131.3393997192383,330048.3333333333
2019-05-31,129.52999877929688,128.16999816894528,129.44000244140622,129.08000183105472,226600.0,127.34245300292969,128.92666625976562,-107.27909780795014,132.11450119018554,131.90125045776367,130.9590002441406,131.34829971313476,329733.3333333333
2019-06-03,131.21000671386722,128.27000427246094,129.16999816894528,128.83999633789062,290300.0,127.1056671142578,129.44000244140622,-59.739797592659684,132.0010009765625,131.87025032043456,131.01280014038085,131.3408996582031,329106.6666666667
2019-06-04,131.72000122070312,129.74000549316406,129.92999267578122,131.60000610351562,300100.0,129.82853698730472,131.02000427246094,67.70847973058358,132.02900161743165,131.8895004272461,131.16880020141602,131.3611996459961,326908.3333333333
2019-06-05,133.19000244140622,131.05000305175778,132.17999267578122,131.14999389648438,376100.0,129.38456726074222,131.79666646321613,112.08154704240302,132.14150161743163,131.91950035095215,131.29600006103516,131.36969955444337,321158.3333333333
2019-06-06,134.27000427246094,130.32000732421878,131.10000610351562,134.16999816894528,433000.0,132.36392211914062,132.92000325520834,106.84719163251879,132.28050155639647,132.05650024414064,131.46260009765626,131.4009996032715,311370.0
2019-06-07,134.83000183105472,133.10000610351562,134.52999877929688,133.89999389648438,262700.0,132.09756469726562,133.9433339436849,109.85548705322512,132.33150100708008,132.1495002746582,131.60860000610353,131.43159957885743,303216.6666666667
2019-06-10,134.96000671386722,132.22999572753906,134.47000122070312,133.03999328613278,449200.0,131.24913024902344,133.40999857584634,54.560330207845794,132.2395004272461,132.18225021362304,131.7147998046875,131.43499954223634,303625.0
2019-06-11,149.47999572753906,142.82000732421875,146.97000122070312,146.38999938964844,1352500.0,144.41941833496094,146.2300008138021,166.66666666666538,132.95850067138673,132.53000030517578,132.06719970703125,131.56849960327148,314963.3333333333
2019-06-12,151.2899932861328,147.08999633789062,147.3300018310547,149.88999938964844,620900.0,147.872314453125,149.42332967122397,98.73088653515362,133.8245002746582,132.93925018310546,132.4765997314453,131.73309967041016,318531.6666666667
2019-06-13,153.5399932861328,150.72000122070312,151.38999938964844,152.2899932861328,485600.0,150.24000549316406,152.1833292643229,81.41051776439626,134.7949996948242,133.41150016784667,132.94719970703125,131.9156996154785,319568.3333333333
2019-06-14,154.35000610351562,150.63999938964844,152.86000061035156,151.97999572753906,490500.0,149.93417358398438,152.32333374023438,67.80456882846069,135.71449966430663,133.86824989318848,133.3859997558594,132.109599609375,317608.3333333333
2019-06-17,153.88999938964844,151.11000061035156,153.7899932861328,153.52999877929688,377400.0,151.46331787109375,152.84333292643228,67.37165375909558,136.8039993286133,134.3592498779297,133.85499969482422,132.31099960327148,317881.6666666667
2019-06-18,155.19000244140625,151.8300018310547,153.94000244140625,152.35000610351562,260100.0,150.29920959472656,153.1233367919922,74.59592178731346,137.8134994506836,134.86800003051758,134.28539978027345,132.49499969482423,316151.6666666667
2019-06-19,153.85000610351562,150.6999969482422,152.2899932861328,153.63999938964844,239600.0,151.57183837890625,152.7300008138021,19.2198095418046,138.8104995727539,135.3845001220703,134.75919982910156,132.69479965209962,314865.0
2019-06-20,155.32000732421875,152.7100067138672,153.99000549316406,154.50999450683594,305100.0,152.43011474609375,154.18000284830728,155.31310641734098,139.85149917602538,135.91474990844728,135.27559967041014,132.92689956665038,314245.0
2019-06-21,155.67999267578125,153.11000061035156,154.63999938964844,154.02999877929688,411100.0,151.9565887451172,154.27333068847656,88.21450088498385,140.90349884033202,136.51875,135.75259979248048,133.1668995666504,315581.6666666667
2019-06-24,155.57000732421875,153.1300048828125,153.6999969482422,154.00999450683594,248900.0,151.93685913085938,154.2366689046224,56.266137139746434,141.93999862670898,137.10849990844727,136.19819976806642,133.41269958496093,315668.3333333333
2019-06-25,155.3699951171875,152.9499969482422,153.63999938964844,154.66000366210938,387700.0,152.57810974121094,154.32666524251303,51.57622764886077,143.0174987792969,137.68574981689454,136.6417999267578,133.6724996948242,315993.3333333333
2019-06-26,154.6300048828125,152.19000244140625,154.6300048828125,152.32000732421875,405100.0,150.2696075439453,153.04667154947916,-166.6666666666765,144.07249908447267,138.18499984741212,137.01779998779296,133.92439979553222,316738.3333333333
2019-06-27,155.88999938964844,152.55999755859375,152.82000732421875,155.58999633789062,397100.0,153.49559020996094,154.67999776204428,88.70128903460781,145.34849853515624,138.785249710083,137.4616000366211,134.18869972229004,317835.0
2019-06-28,156.82000732421875,153.52000427246094,155.80999755859375,155.99000549316406,770400.0,153.8902130126953,155.4433390299479,127.81709653300823,146.69399871826172,139.40424995422364,137.90720001220703,134.43119972229005,325861.6666666667
2019-07-01,158.1699981689453,154.5800018310547,157.14999389648438,157.9499969482422,451900.0,155.82382202148438,156.8999989827474,130.29808203319772,148.1494987487793,140.0752498626709,138.3883999633789,134.68319969177247,328218.3333333333
2019-07-02,158.2100067138672,155.49000549316406,157.9600067138672,155.75,256800.0,153.6534423828125,156.48333740234375,67.51886701281488,149.35699844360352,140.69300003051757,138.8633999633789,134.92709968566894,326253.3333333333
2019-07-03,158.42999267578125,156.1300048828125,156.14999389648438,157.58999633789062,298400.0,155.46865844726562,157.38333129882812,89.97695612824623,150.67899856567382,141.41025009155274,139.35559997558593,135.21509971618653,326640.0
2019-07-05,159.2899932861328,156.1999969482422,156.77999877929688,159.0,313800.0,156.8596649169922,158.163330078125,117.8372939021413,151.92049865722657,142.10050010681152,139.86959991455078,135.49229972839356,327685.0
2019-07-08,158.82000732421875,157.1699981689453,158.8000030517578,157.63999938964844,259100.0,155.5179901123047,157.87666829427084,64.12846580054637,153.10749893188478,142.71949996948243,140.425,135.7455997467041,326148.3333333333
2019-07-09,158.35000610351562,156.67999267578125,157.42999267578125,157.64999389648438,264400.0,155.52786254882812,157.55999755859375,9.920357395644984,154.33799896240234,143.28874969482422,140.96959991455077,135.99929969787598,325148.3333333333
2019-07-10,157.97000122070312,155.5500030517578,157.5399932861328,156.8300018310547,302100.0,154.71888732910156,156.78333536783853,-136.52455406744284,154.85999908447266,143.90924987792968,141.4747998046875,136.23729972839357,326006.6666666667
2019-07-11,158.11000061035156,156.0,157.02999877929688,157.97999572753906,220100.0,155.85340881347656,157.36333211263022,-32.56319731468749,155.26449890136718,144.54449958801268,141.98739959716798,136.46159965515136,323761.6666666667
2019-07-12,160.49000549316406,157.27999877929688,157.9499969482422,159.52999877929688,268700.0,157.38255310058594,159.1000010172526,151.14546758249978,155.6264991760254,145.21074943542482,142.5463995361328,136.7073996734619,323933.3333333333
2019-07-15,160.77000427246094,159.00999450683594,160.22999572753906,159.5399932861328,263100.0,157.3924102783203,159.77333068847656,104.5767001368976,156.00449905395507,145.85949935913087,143.1125994873047,136.95999961853028,324741.6666666667
2019-07-16,161.24000549316406,158.99000549316406,159.80999755859375,160.25,253300.0,158.0928497314453,160.16000366210938,81.27148750610522,156.34049911499022,146.57224922180177,143.69539947509764,137.2244995880127,324135.0
2019-07-17,160.85000610351562,159.05999755859375,160.25,160.44000244140625,287800.0,158.28028869628906,160.11666870117188,63.33651996296993,156.74499893188477,147.27924919128418,144.28339965820314,137.48029960632323,322480.0
2019-07-18,163.94000244140625,159.94000244140625,162.0,163.7899932861328,304800.0,161.585205078125,162.5566660563151,166.66666666666347,157.25249862670898,148.03149909973143,144.9811996459961,137.76369956970214,324135.0
2019-07-19,165.3800048828125,163.57000732421875,163.86000061035156,164.8000030517578,337900.0,162.58160400390625,164.58333841959634,122.9415194465972,157.7669990539551,148.80924911499022,145.6493997192383,138.04219963073731,325315.0
2019-07-22,165.32000732421875,162.0,164.89999389648438,162.77000427246094,418600.0,160.5789337158203,163.36333719889322,49.86512537684619,158.2039993286133,149.55374908447266,146.24719970703126,138.3055997467041,325618.3333333333
2019-07-23,163.42999267578125,160.75999450683594,163.42999267578125,162.64999389648438,389700.0,160.46055603027344,162.27999369303384,-17.942962455692577,158.6359992980957,150.28799896240236,146.8025994873047,138.5846996307373,326110.0
2019-07-24,163.88999938964844,161.0800018310547,162.22999572753906,162.77000427246094,210700.0,160.5789337158203,162.5800018310547,-45.583233095590074,159.04149932861327,151.02949905395508,147.4177996826172,138.86389961242676,324618.3333333333
2019-07-25,163.25999450683594,161.08999633789062,162.77000427246094,161.1699981689453,312100.0,159.00047302246094,161.83999633789062,-86.9518404985718,159.4839988708496,151.77824897766112,147.98979949951172,139.14279960632325,326010.0
2019-07-26,163.9499969482422,160.58999633789062,161.5800018310547,163.5500030517578,344600.0,161.3484344482422,162.69666544596353,24.502947493700123,159.88199920654296,152.6152488708496,148.60319946289061,139.44589958190917,325860.0
2019-07-29,164.00999450683594,161.4199981689453,163.89999389648438,161.82000732421875,236800.0,159.64175415039062,162.41666666666666,14.868203845001457,160.1734992980957,153.43374900817872,149.1677996826172,139.74559959411621,323411.6666666667
2019-07-30,163.3300018310547,160.97000122070312,161.6999969482422,162.72000122070312,261600.0,160.5296173095703,162.34000142415366,-10.147781138843198,160.41199951171876,154.28074913024903,149.78739959716796,140.0587996673584,323801.6666666667
2019-07-31,163.91000366210938,161.22000122070312,161.80999755859375,161.91000366210938,268200.0,160.0452423095703,162.34666951497397,6.376195905846068,160.71999969482422,155.03849906921386,150.38239959716796,140.3851996612549,323640.0
2019-08-01,163.2899932861328,160.60000610351562,161.72000122070312,162.2899932861328,305400.0,160.42088317871094,162.05999755859375,-140.79593905277378,160.95499954223632,155.81699905395507,150.95419952392578,140.6951996612549,321208.3333333333
2019-08-02,164.0399932861328,161.24000549316406,161.75999450683594,163.63999938964844,318000.0,161.75534057617188,162.97333272298178,166.66666666664062,161.18699951171874,156.55374908447266,151.55319946289063,141.01299964904786,322001.6666666667
2019-08-05,162.72000122070312,160.58999633789062,161.3699951171875,161.9499969482422,364900.0,160.0847930908203,161.75333150227866,-116.2655137863854,161.40249938964843,157.2549991607666,152.1323992919922,141.3405995941162,324581.6666666667
2019-08-06,165.77999877929688,162.16000366210938,162.3800048828125,164.7100067138672,282800.0,162.8130340576172,164.21666971842447,139.33944270747196,161.75550003051757,158.04674949645997,152.76099945068358,141.7113996887207,322443.3333333333
2019-08-07,165.99000549316406,161.22999572753906,161.5,165.33999633789062,352400.0,163.4357452392578,164.1866658528646,82.25900566684942,162.18099975585938,158.520499420166,153.40559936523437,142.08809967041014,324740.0
2019-08-08,167.97999572753906,165.58999633789062,165.58999633789062,166.7899932861328,348500.0,164.86903381347656,166.78666178385416,144.20417261895085,162.62149963378906,158.94299926757813,154.11699920654297,142.47639961242675,326780.0
2019-08-09,167.77000427246094,166.02000427246094,166.44000244140625,166.6999969482422,169100.0,164.7800750732422,166.8300018310547,84.2126562565373,162.97999954223633,159.30324935913086,154.84959899902344,142.8779995727539,325678.3333333333
2019-08-12,166.63999938964844,164.32000732421875,165.3800048828125,166.02999877929688,391500.0,164.1177978515625,165.66333516438803,7.906890208394272,163.30449981689452,159.6544994354248,155.58859893798828,143.27379959106446,327593.3333333333
2019-08-13,169.35000610351562,166.3800048828125,166.6999969482422,166.60000610351562,400500.0,164.68125915527344,167.4433390299479,83.62092766892334,163.62200012207032,159.98124961853028,156.3437991333008,143.67829963684082,330890.0
2019-08-14,165.25,163.61000061035156,164.8000030517578,164.22000122070312,257200.0,162.32864379882812,164.36000061035156,-128.4002342354708,163.81100006103514,160.27799949645996,156.99619903564454,144.08249961853028,332995.0
2019-08-15,167.66000366210938,162.94000244140625,163.64999389648438,166.86000061035156,303900.0,164.93824768066406,165.82000223795572,-15.219558028639572,163.9645004272461,160.60849952697754,157.71039916992189,144.5031996154785,334695.0
2019-08-16,171.1300048828125,166.5800018310547,167.49000549316406,170.02000427246094,934500.0,168.06187438964844,169.24333699544272,124.15327463835831,164.22550048828126,160.99624977111816,158.42739929199217,144.94499969482422,348353.3333333333
2019-08-19,172.86000061035156,170.0500030517578,171.3000030517578,171.97999572753906,249100.0,169.99925231933594,171.62999979654947,119.66223290841288,164.68600006103514,161.44499969482422,159.18899932861328,145.3987996673584,349448.3333333333
2019-08-20,173.30999755859375,170.11000061035156,171.89999389648438,171.5800018310547,277000.0,169.6038818359375,171.66666666666666,75.33935418887653,165.13250045776368,161.88424987792968,159.95979949951172,145.8372996520996,351428.3333333333
2019-08-21,172.77999877929688,171.22999572753906,172.6999969482422,171.9199981689453,218300.0,169.93995666503906,171.97666422526038,62.74917746821396,165.5900001525879,162.31574974060058,160.47039947509765,146.26879959106446,352253.3333333333
2019-08-22,172.83999633789062,170.6999969482422,172.27000427246094,171.91000366210938,254400.0,169.9300994873047,171.81666564941406,45.30477580013329,166.1270004272461,162.80549964904785,160.91079956054688,146.6936996459961,353685.0
2019-08-23,172.36000061035156,168.80999755859375,170.9499969482422,169.27000427246094,199700.0,167.32049560546875,170.14666748046875,-166.6666666666739,166.41300048828126,163.14749984741212,161.25039978027343,147.09879974365234,354028.3333333333
2019-08-26,170.1699981689453,167.80999755859375,170.1699981689453,169.9499969482422,220000.0,167.99266052246094,169.30999755859375,-111.11122368888692,166.81949996948242,163.49649963378906,161.6097998046875,147.49789978027343,353918.3333333333
2019-08-27,170.72999572753906,168.32000732421875,170.24000549316406,168.85000610351562,265200.0,166.90533447265625,169.3000030517578,-72.71620764933381,167.12600021362306,163.7689998626709,161.91619995117188,147.88559982299805,353500.0
2019-08-28,170.85000610351562,168.3300018310547,168.3300018310547,170.55999755859375,150900.0,168.5956268310547,169.91333516438803,-17.338742068411154,167.55849990844726,164.13924980163574,162.28039978027343,148.28289978027342,351013.3333333333
2019-08-29,172.0500030517578,168.9499969482422,170.19000244140625,171.6999969482422,349500.0,169.72250366210938,170.8999989827474,134.84674836413728,168.02900009155275,164.49199981689452,162.64159973144533,148.70039978027344,350570.0
2019-08-30,172.99000549316406,167.5800018310547,172.44000244140625,167.85000610351562,384900.0,165.9168701171875,169.47333780924478,-40.64785882117243,168.2395004272461,164.71324996948243,162.9083999633789,149.09199981689454,349768.3333333333
2019-09-03,167.99000549316406,164.72999572753906,167.8699951171875,166.11000061035156,576600.0,164.19688415527344,166.27666727701822,-166.6666666666699,168.44750061035157,164.925,163.15,149.45129989624024,355000.0
2019-09-04,167.91000366210938,165.7100067138672,167.6699981689453,167.3000030517578,354500.0,165.3731689453125,166.97333780924478,-69.39322830731278,168.5770004272461,165.16625022888184,163.41580017089845,149.80699996948243,353421.6666666667
2019-09-05,170.85000610351562,166.9499969482422,168.1699981689453,170.19000244140625,543800.0,168.22988891601562,169.3300018310547,31.34361816154162,168.8195007324219,165.50025024414063,163.72640014648437,150.1841000366211,339943.3333333333
2019-09-06,173.2899932861328,169.00999450683594,170.6300048828125,169.3300018310547,442200.0,167.3798065185547,170.54332987467447,89.03730318913095,168.94650115966797,165.78400039672852,164.06660003662108,150.54220001220702,336965.0
2019-09-09,171.0,165.08999633789062,170.13999938964844,167.3000030517578,944900.0,165.3731689453125,167.79666646321616,-18.416437407377714,168.97650146484375,165.97825050354004,164.30080017089844,150.88120010375977,344620.0
2019-09-10,171.32000732421875,163.02999877929688,164.77000427246094,169.9600067138672,850800.0,168.00254821777344,168.10333760579428,-26.7898737011212,169.17300186157226,166.2387508392334,164.5802001953125,151.24370010375978,350625.0
2019-09-11,170.55999755859375,164.1300048828125,170.3300018310547,166.5800018310547,567600.0,164.66146850585938,167.09000142415366,-90.58331748535856,169.17200164794923,166.39700088500976,164.75280029296874,151.57060012817382,353795.0
2019-09-12,169.9600067138672,166.11000061035156,167.1999969482422,169.8000030517578,415700.0,167.8444061279297,168.6233367919922,13.889072854013062,169.45100173950195,166.63100090026856,165.03380035400392,151.94860015869142,356388.3333333333
2019-09-13,172.6300048828125,168.97999572753906,169.8699951171875,170.97999572753906,330700.0,169.01080322265625,170.86333211263022,158.1195274936074,169.65700149536133,166.8107509613037,165.30160034179687,152.32860015869142,357906.6666666667
2019-09-16,170.4499969482422,163.6199951171875,170.4499969482422,163.80999755859375,407000.0,161.9233856201172,165.95999654134116,-111.84502958502593,169.34650115966798,166.7860008239746,165.39780029296875,152.63370010375976,359605.0
2019-09-17,166.82000732421875,163.64999389648438,164.0800018310547,166.14999389648438,370200.0,164.23641967773438,165.53999837239584,-81.27088451760858,169.05500106811525,166.8705005645752,165.56800018310548,152.99650009155275,358923.3333333333
2019-09-18,166.91000366210938,162.3300018310547,166.2899932861328,163.55999755859375,247000.0,161.67623901367188,164.26666768391928,-86.15985024055445,168.65400085449218,166.89325065612792,165.68620025634766,153.32790008544922,358891.6666666667
2019-09-19,166.05999755859375,164.3000030517578,164.4600067138672,165.22000122070312,248000.0,163.31710815429688,165.1933339436849,-43.395519460273405,168.3190010070801,166.954500579834,165.85400024414062,153.66440002441405,356563.3333333333
2019-09-20,166.89999389648438,163.74000549316406,165.3300018310547,164.49000549316406,535800.0,162.5955352783203,165.0433349609375,-23.867106037594485,167.9480010986328,167.03750076293946,165.98420043945313,153.98580001831056,358741.6666666667
2019-09-23,168.27000427246094,164.50999450683594,164.50999450683594,167.64999389648438,256100.0,165.71913146972656,166.80999755859375,149.12291795772768,167.86700057983398,167.1400005340576,166.14660034179687,154.34649993896485,356391.6666666667
2019-09-24,168.3300018310547,165.33999633789062,167.7100067138672,166.11000061035156,253500.0,164.19688415527344,166.59333292643228,75.27528054689834,167.67500076293945,167.24725036621095,166.27800048828124,154.69529998779296,347776.6666666667
2019-09-25,166.91000366210938,163.10000610351562,166.5,165.36000061035156,323100.0,163.45550537109375,165.1233367919922,-55.26271220052178,167.50050048828126,167.31325035095216,166.3802005004883,155.03779998779297,345630.0
2019-09-26,166.3699951171875,162.0500030517578,165.61000061035156,162.10000610351562,193200.0,160.2330780029297,163.5066680908203,-123.65050368455152,167.07750091552734,167.3180004119873,166.41340057373046,155.3484001159668,344570.0
2019-09-27,163.08999633789062,160.1699981689453,162.6300048828125,161.11000061035156,268800.0,159.25445556640625,161.4566650390625,-121.8730175413734,166.54800109863282,167.28850059509278,166.35980072021485,155.67050018310547,344076.6666666667
2019-09-30,163.1999969482422,160.9199981689453,161.52999877929688,161.16000366210938,278700.0,159.30389404296875,161.75999959309897,-74.02856602057766,166.2135009765625,167.22650070190429,166.2870007324219,155.9682002258301,343491.6666666667
2019-10-01,163.3000030517578,161.0800018310547,161.9499969482422,161.5800018310547,163600.0,159.7190704345703,161.9866689046224,-41.980520013800074,165.98700103759765,167.2172508239746,166.26320068359374,156.2552001953125,341900.0
2019-10-02,161.11000061035156,159.07000732421875,160.8000030517578,160.52000427246094,200500.0,158.6712646484375,160.23333740234375,-135.29308286426485,165.64800109863282,167.11250076293945,166.2206008911133,156.511600189209,340835.0
2019-10-03,161.47000122070312,159.1699981689453,160.35000610351562,161.3300018310547,231600.0,159.47193908691406,160.65666707356772,-60.534411333649714,165.20500106811522,167.01225090026855,166.19180084228515,156.80480026245118,339660.0
2019-10-04,163.4499969482422,161.1300048828125,161.3300018310547,163.35000610351562,158800.0,161.46868896484375,162.6433359781901,97.86801133232113,164.90600128173827,166.92625122070314,166.23540100097657,157.11260025024413,338638.3333333333
2019-10-07,164.25,162.25999450683594,162.8699951171875,163.39999389648438,339700.0,161.51809692382812,163.30332946777344,97.1623535530106,164.71100082397462,166.84375114440917,166.23240081787108,157.41780014038085,339821.6666666667
2019-10-08,164.49000549316406,161.33999633789062,162.6199951171875,161.5399932861328,256100.0,159.67950439453125,162.4566650390625,35.25105257363045,164.29000015258788,166.73150100708008,166.22680053710937,157.69730010986328,339705.0
2019-10-09,164.22999572753906,160.5500030517578,162.41000366210938,160.72000122070312,179600.0,158.86895751953125,161.83333333333334,-30.82230461454279,163.99700012207032,166.58450088500976,166.18680053710938,157.98710006713867,338476.6666666667
2019-10-10,161.75,159.3000030517578,160.5399932861328,160.4600067138672,194600.0,158.6119842529297,160.50333658854166,-139.90014364086693,163.53000030517578,166.49050102233886,166.15780059814452,158.27010009765624,336923.3333333333
2019-10-11,162.61000061035156,160.57000732421875,160.57000732421875,161.4499969482422,226100.0,159.59054565429688,161.5433349609375,-33.671741723983715,163.05350036621093,166.35525093078613,166.1410006713867,158.54760009765624,335611.6666666667
2019-10-14,162.42999267578125,160.60000610351562,161.02000427246094,161.33999633789062,248300.0,159.4818115234375,161.4566650390625,-14.497178983606794,162.93000030517578,166.13825073242188,166.09500061035158,158.8241000366211,334118.3333333333
2019-10-15,162.35000610351562,160.25,161.67999267578125,160.99000549316406,253400.0,159.1358642578125,161.19667053222656,-20.072641085992533,162.67200088500977,165.8635009765625,166.07580078125,159.1041000366211,331365.0
2019-10-16,161.74000549316406,159.6300048828125,160.8300018310547,161.5399932861328,278200.0,159.67950439453125,160.97000122070312,-34.39611634246624,162.5710006713867,165.61250076293945,166.0124005126953,159.38669998168945,329506.6666666667
2019-10-17,164.36000061035156,160.8300018310547,162.07000732421875,163.67999267578125,195400.0,161.79486083984375,162.9566650390625,166.66666666666313,162.49400024414064,165.40650062561036,165.97920043945314,159.69239990234374,329251.6666666667
2019-10-18,165.52999877929688,163.02000427246094,163.94000244140625,164.4199981689453,197600.0,162.52635192871094,164.32333374023438,122.35428159561224,162.4904998779297,165.21925048828126,165.93180053710938,160.02439987182618,327343.3333333333
2019-10-21,165.5399932861328,162.6199951171875,165.0,162.72999572753906,142100.0,160.85580444335938,163.62999471028647,55.1927510215401,162.24449996948243,165.0557502746582,165.8524005126953,160.35099975585936,323968.3333333333
2019-10-22,164.19000244140625,162.07000732421875,163.0800018310547,163.9199981689453,156300.0,162.0321044921875,163.3933359781901,25.860563646346773,162.1349998474121,164.90500030517578,165.8102005004883,160.69939971923827,322626.6666666667
2019-10-23,164.64999389648438,162.4199981689453,164.2899932861328,163.3000030517578,158400.0,161.41925048828125,163.4566650390625,-18.70764594707344,162.03199996948243,164.76625022888183,165.74420043945312,161.04399978637696,320906.6666666667
2019-10-24,164.11000061035156,162.1699981689453,163.3000030517578,163.5399932861328,131600.0,161.65647888183594,163.27333068847656,-78.87509712729113,162.10399932861327,164.59075012207032,165.7306002807617,161.36339965820312,318630.0
2019-10-25,166.57000732421875,162.85000610351562,163.50999450683594,166.41000366210938,174500.0,164.49343872070312,165.27667236328125,166.6666666666602,162.36899948120117,164.458500289917,165.7216003417969,161.71599975585937,316448.3333333333
2019-10-28,167.49000549316406,165.0800018310547,167.02000427246094,166.02000427246094,242900.0,164.10794067382812,166.19667053222656,110.37931450678398,162.61199951171875,164.41275024414062,165.64160034179687,162.03449981689454,315196.6666666667
2019-10-29,165.9600067138672,164.25,165.25999450683594,165.6199951171875,239900.0,163.7125244140625,165.27666727701822,36.35516217470017,162.8139991760254,164.40050010681153,165.51440032958985,162.35169982910156,313113.3333333333
2019-10-30,166.1300048828125,163.64999389648438,165.86000061035156,165.82000732421875,173600.0,163.9102325439453,165.20000203450522,14.615455002095807,163.0789993286133,164.36350021362304,165.39920043945312,162.67949996948244,311293.3333333333
2019-10-31,174.47999572753906,166.0,166.0,170.80999755859375,532400.0,169.16921997070312,170.42999776204428,166.66666666666427,163.55299911499023,164.37900009155274,165.3770004272461,162.92369995117187,314293.3333333333
2019-11-01,174.32000732421875,169.4499969482422,170.74000549316406,172.5800018310547,429800.0,170.92222595214844,172.11666870117188,103.82652454589928,164.01449890136718,164.46025009155272,165.390400390625,163.15059997558595,315648.3333333333
2019-11-04,174.8800048828125,171.8000030517578,173.10000610351562,172.35000610351562,314400.0,170.69444274902344,173.01000467936194,79.86846894258547,164.46199951171874,164.58650016784668,165.4520004272461,163.35120010375977,318070.0
2019-11-05,174.30999755859375,172.2100067138672,172.5800018310547,173.35000610351562,294200.0,171.68482971191406,173.29000345865882,69.03780461572657,165.0525001525879,164.6712501525879,165.52000061035156,163.56490020751954,316448.3333333333
2019-11-06,174.2100067138672,172.10000610351562,173.8800048828125,172.80999755859375,183800.0,171.15000915527344,173.04000345865882,50.020110045481694,165.65699996948243,164.82700004577637,165.5992004394531,163.7577001953125,312836.6666666667
2019-11-07,174.08999633789062,166.8300018310547,173.35000610351562,166.9600067138672,286900.0,165.356201171875,169.2933349609375,-164.74427206310034,165.98199996948242,164.7560001373291,165.52720062255858,163.903800201416,313331.6666666667
2019-11-08,168.05999755859375,165.55999755859375,167.0500030517578,166.82000732421875,215900.0,165.2175750732422,166.8133341471354,-117.36933900841228,166.25050048828126,164.6520004272461,165.42960083007813,164.0356002807617,311865.0
2019-11-11,169.4600067138672,166.50999450683594,166.8800048828125,167.47000122070312,188000.0,165.86129760742188,167.8133341471354,-59.83592468654913,166.55700073242187,164.74350051879884,165.42200073242188,164.1652003479004,299423.3333333333
2019-11-12,169.8699951171875,167.36000061035156,168.00999450683594,169.00999450683594,255800.0,167.3865203857422,168.74666341145834,-16.238901120409206,166.95800018310547,164.81500053405762,165.48000061035157,164.31500030517577,299535.0
2019-11-13,170.83999633789062,168.3300018310547,169.0500030517578,170.02999877929688,224100.0,168.39669799804688,169.73333231608072,89.52382945366953,167.38250045776368,164.97675056457518,165.53460052490234,164.4752003479004,298653.3333333333
2019-11-14,171.22999572753906,168.77000427246094,169.82000732421875,170.94000244140625,204300.0,169.29795837402344,170.3133341471354,99.05981979868892,167.74550094604493,165.11975059509277,165.54960052490233,164.63800033569336,298420.0
2019-11-15,171.97999572753906,169.5,171.13999938964844,170.69000244140625,689800.0,169.05038452148438,170.72333272298178,88.34547288499658,168.05900115966796,165.27475051879884,165.57680053710936,164.82170028686522,305676.6666666667
2019-11-18,172.42999267578125,170.0500030517578,170.8699951171875,170.5800018310547,218300.0,168.94143676757812,171.0199991861979,87.6888556060281,168.45150146484374,165.34800071716307,165.6424005126953,164.9716003417969,305986.6666666667
2019-11-19,171.72999572753906,169.77999877929688,170.7899932861328,170.52999877929688,199600.0,168.8918914794922,170.67999776204428,32.931798951112086,168.78200149536133,165.45850067138673,165.65380035400392,165.1170002746582,305646.6666666667
2019-11-20,172.67999267578125,169.6199951171875,170.08999633789062,172.30999755859375,245300.0,170.65481567382812,171.53666178385416,134.1460974516528,169.2325012207031,165.63225059509278,165.7684002685547,165.2606002807617,305315.0
2019-11-21,172.61000061035156,170.9600067138672,172.19000244140625,171.74000549316406,184100.0,170.09031677246094,171.77000427246094,102.49744601030159,169.6425018310547,165.87325057983398,165.8072003173828,165.42050033569336,305868.3333333333
2019-11-22,172.25,170.5,171.85000610351562,171.8800048828125,170900.0,170.22894287109375,171.5433349609375,42.270797144461646,169.91600189208984,166.14250068664552,165.82520050048828,165.56340042114257,302891.6666666667
2019-11-25,174.49000549316406,171.64999389648438,172.35000610351562,173.4600067138672,243000.0,171.7937469482422,173.20000203450525,163.95985424484556,170.28800201416016,166.45000076293945,166.01820068359376,165.70800048828124,300526.6666666667
2019-11-26,175.17999267578125,173.08999633789062,173.08999633789062,174.61000061035156,234400.0,172.93272399902344,174.29332987467444,118.97914644397913,170.73750228881835,166.77575073242187,166.1874008178711,165.8777005004883,294823.3333333333
2019-11-27,176.6199951171875,174.02999877929688,174.72000122070312,176.3800048828125,156600.0,174.68572998046875,175.67666625976562,117.47298376540245,171.26550216674804,167.17225074768066,166.44380096435546,166.06500061035158,291525.0
2019-11-29,176.89999389648438,173.6699981689453,176.58999633789062,173.77000427246094,110200.0,172.1007843017578,174.77999877929688,48.09722869894961,171.41350250244142,167.4832508087158,166.61480102539062,166.23440063476562,284298.3333333333
2019-12-02,176.8000030517578,173.14999389648438,173.72000122070312,176.6300048828125,217900.0,174.9333038330078,175.5266672770182,73.02654917865587,171.6160026550293,167.81525077819825,166.8576010131836,166.42090072631837,280560.0
2019-12-03,176.14999389648438,173.2100067138672,174.88999938964844,175.66000366210938,177700.0,173.97262573242188,175.0066680908203,-7.644938863836509,171.781502532959,168.12175102233886,167.01780120849608,166.58220077514648,267773.3333333333
2019-12-04,177.19000244140625,172.97000122070312,175.92999267578125,173.88999938964844,233200.0,172.2196502685547,174.68333435058594,-80.53761204035115,171.80850219726562,168.43050117492675,167.17340118408202,166.72570083618163,257480.0
2019-12-05,175.13999938964844,173.11000061035156,173.19000244140625,173.66000366210938,200500.0,171.99185180664062,173.97000122070312,-144.95281957825347,171.85100250244142,168.7540012359619,167.3394012451172,166.85980087280274,251361.66666666666
2019-12-06,176.66000366210938,174.05999755859375,174.6199951171875,175.6999969482422,239500.0,174.01223754882812,175.4733327229818,74.52262338185088,172.28800201416016,169.1350009918213,167.6114010620117,167.01240081787108,248425.0
2019-12-09,179.2100067138672,173.24000549316406,177.17999267578125,175.32000732421875,492900.0,173.6359100341797,175.92333984375,110.62630040690624,172.71300201416017,169.48175125122071,167.89560119628905,167.12770095825195,251128.33333333334
2019-12-10,171.0,157.3300018310547,165.0,158.72000122070312,1314000.0,157.1953582763672,162.3500010172526,-166.66666666666922,172.27550201416017,169.416251373291,167.84680114746095,167.0669009399414,266245.0
2019-12-11,158.32000732421875,154.25,158.02000427246094,156.8699951171875,613800.0,155.36312866210938,156.4800008138021,-109.28565382706154,171.66850204467772,169.3132511138916,167.7526010131836,167.00790084838866,270305.0
2019-12-12,157.5,153.77999877929688,157.5,154.02000427246094,375200.0,152.54051208496094,155.1000010172526,-78.10066883577946,170.86800231933594,169.1252513885498,167.62260101318358,166.92160095214842,272441.6666666667
2019-12-13,154.3000030517578,152.0500030517578,153.50999450683594,153.80999755859375,375500.0,152.33250427246094,153.38666788736978,-71.28458355096276,170.01150207519532,168.8785015106201,167.47220092773438,166.83200088500976,274566.6666666667
2019-12-16,156.57000732421875,152.5,153.85000610351562,155.02000427246094,338400.0,153.53089904785156,154.69667053222656,-47.1948130349104,169.22800216674804,168.643501663208,167.30560089111327,166.77050094604493,271276.6666666667
2019-12-17,157.6999969482422,154.5399932861328,155.3000030517578,156.80999755859375,433500.0,155.3037109375,156.3499959309896,78.86518931224572,168.539501953125,168.49550170898436,167.17380096435548,166.70310089111328,274233.3333333333
2019-12-18,157.9499969482422,155.47999572753906,157.67999267578125,156.88999938964844,331900.0,155.38291931152344,156.77333068847656,96.89831060284878,167.85750198364258,168.31975173950195,167.0808010864258,166.65380081176758,275540.0
2019-12-19,158.3800048828125,156.35000610351562,157.33999633789062,157.72000122070312,292900.0,156.2049560546875,157.48333740234375,85.74076578284415,167.12800216674805,168.18025169372558,167.0208010864258,166.60380081176757,275036.6666666667
2019-12-20,159.1199951171875,157.30999755859375,157.83999633789062,159.08999633789062,881400.0,157.56179809570312,158.50666300455728,117.3751370629131,166.49550170898436,168.06900177001953,166.99340087890624,166.5756007385254,286506.6666666667
2019-12-23,159.19000244140625,155.6999969482422,159.19000244140625,157.64999389648438,248400.0,156.13563537597656,157.5133310953776,20.514956933351574,165.78400115966798,167.8500015258789,166.91740081787108,166.5292007446289,286166.6666666667
2019-12-24,159.89999389648438,157.52000427246094,158.00999450683594,158.49000549316406,120900.0,156.96755981445312,158.63666788736978,90.19882639820491,165.0355010986328,167.6617515563965,166.86040100097657,166.47770080566406,283536.6666666667
2019-12-26,159.3699951171875,157.5800018310547,158.5800018310547,158.50999450683594,188600.0,156.9873504638672,158.48666381835938,48.0239371345846,164.23050079345703,167.4840015411377,166.81080078125,166.44330078125,283953.3333333333
2019-12-27,158.97000122070312,157.25,158.47999572753906,157.3800048828125,172600.0,155.8682403564453,157.86666870117188,-54.57858937387853,163.28050079345704,167.27300148010255,166.7276010131836,166.37000076293944,283488.3333333333
2019-12-30,158.92999267578125,157.07000732421875,157.50999450683594,158.2899932861328,170800.0,156.76947021484375,158.09666442871094,-4.4027844315294935,162.50650024414062,166.96000137329102,166.61980102539061,166.29950073242188,282475.0
2019-12-31,159.83999633789062,158.2100067138672,158.2100067138672,158.99000549316406,244600.0,157.46278381347656,159.01333618164062,112.80143823170454,161.6245002746582,166.62025146484376,166.511201171875,166.22150085449218,283905.0
2020-01-02,159.94000244140625,157.30999755859375,159.77000427246094,159.0500030517578,257700.0,157.52220153808594,158.76666768391928,57.54977360115453,160.79400024414062,166.2877513885498,166.43760131835938,166.14500091552733,282538.3333333333
2020-01-03,161.0,156.72000122070312,158.77000427246094,160.83999633789062,366500.0,159.2949676513672,159.5199991861979,107.71622976138788,160.14150009155273,165.9750011444092,166.37600128173827,166.0931008911133,284378.3333333333
2020-01-06,164.36000061035156,160.00999450683594,160.6199951171875,164.13999938964844,589400.0,162.5632781982422,162.83666483561197,166.66666666666,159.66549987792968,165.75825119018555,166.39280120849608,166.0685008239746,291208.3333333333
2020-01-07,164.41000366210938,162.00999450683594,163.60000610351562,164.14999389648438,318300.0,162.57318115234375,163.52333068847656,95.02087419522451,159.0879997253418,165.68800086975097,166.40500122070313,166.06780075073243,293270.0
2020-01-08,164.55999755859375,162.30999755859375,163.6999969482422,163.02999877929688,328600.0,161.46397399902344,163.29999796549478,58.281099989203504,158.4734992980957,165.59325065612794,166.33740112304687,166.02950073242187,294978.3333333333
2020-01-09,164.86000061035156,162.6300048828125,163.5800018310547,164.2100067138672,241800.0,162.6326446533203,163.9000040690104,69.12169748871175,158.7479995727539,165.51175079345703,166.301201171875,165.97140075683595,294870.0
2020-01-10,168.13999938964844,163.74000549316406,164.07000732421875,168.00999450683594,338800.0,166.3961181640625,166.62999979654947,166.66666666666114,159.30499954223632,165.48675079345702,166.34900115966798,165.9317007446289,296293.3333333333
2020-01-13,170.3300018310547,168.14999389648438,168.47999572753906,168.9199981689453,287800.0,167.29737854003906,169.13333129882812,123.69403297182005,160.04999923706055,165.45900077819823,166.4110009765625,165.9051007080078,296453.3333333333
2020-01-14,169.41000366210938,167.22000122070312,168.6199951171875,168.1300048828125,458400.0,166.5149688720703,168.25333658854166,63.3670540436979,160.7659996032715,165.3887508392334,166.35740112304688,165.86720077514647,300836.6666666667
2020-01-15,169.38999938964844,166.60000610351562,167.3300018310547,167.1999969482422,342900.0,165.59388732910156,167.7300008138021,26.84903195907323,161.37499923706054,165.3015007019043,166.24980102539064,165.8201007080078,303258.3333333333
2020-01-16,168.9199981689453,166.50999450683594,167.25999450683594,167.13999938964844,319400.0,165.53448486328125,167.52333068847656,-32.8305047838834,161.8914993286133,165.21550064086915,166.14560089111328,165.79880065917968,306213.3333333333
2020-01-17,170.7100067138672,166.85000610351562,167.99000549316406,168.82000732421875,305600.0,167.19834899902344,168.79334004720053,62.3979460551175,162.4879997253418,165.1727508544922,166.05500091552733,165.78750076293946,308701.6666666667
2020-01-21,169.82000732421875,167.86000061035156,169.30999755859375,169.02999877929688,284800.0,167.4063262939453,168.90333557128906,89.93805668696213,163.0534996032715,165.09075088500975,165.9794009399414,165.78930068969726,310808.3333333333
2020-01-22,169.8300018310547,166.60000610351562,169.66000366210938,166.83999633789062,300900.0,165.2373504638672,167.7566680908203,-45.34010443945985,163.44099960327148,164.96825065612794,165.97700073242189,165.75210067749023,313630.0
2020-01-23,169.38999938964844,165.64999389648438,166.97000122070312,168.13999938964844,240400.0,166.52487182617188,167.7266642252604,-48.751942976645935,163.9654998779297,164.87475051879883,166.00340057373046,165.7165007019043,314728.3333333333
2020-01-24,169.82000732421875,165.32000732421875,168.72999572753906,165.60000610351562,290200.0,164.00927734375,166.91334025065103,-111.02123148239248,164.32099990844728,164.67825050354003,165.96600067138672,165.6940007019043,315516.6666666667
2020-01-27,167.52999877929688,164.1300048828125,164.1300048828125,166.02999877929688,441200.0,164.4351348876953,165.89666748046875,-124.28865116886914,164.6970001220703,164.46375045776367,165.90640075683595,165.69320068359374,318871.6666666667
2020-01-28,167.36000061035156,163.0399932861328,166.47000122070312,163.49000549316406,346300.0,161.91952514648438,164.62999979654947,-123.27615397713836,165.00250015258788,164.14150047302246,165.77560089111327,165.6551007080078,321750.0
2020-01-29,165.64999389648438,162.8000030517578,162.85000610351562,163.42999267578125,321500.0,161.860107421875,163.95999654134116,-101.57560928160835,165.2595001220703,163.88300018310548,165.62540069580078,165.58750061035155,318235.0
2020-01-30,163.25999450683594,160.17999267578125,163.25999450683594,161.47000122070312,422600.0,159.91893005371094,161.63666280110678,-136.84653087956696,165.38349990844728,163.50400009155274,165.44100067138672,165.50890060424805,318115.0
2020-01-31,161.67999267578125,158.49000549316406,160.97000122070312,160.86000061035156,909200.0,159.6311492919922,160.34333292643228,-106.72930791439713,165.47399978637696,163.13400001525878,165.24660064697267,165.44450057983397,328028.3333333333
2020-02-03,163.9199981689453,160.25999450683594,160.8699951171875,163.16000366210938,341600.0,161.91358947753906,162.44666544596353,-7.717539719962111,165.5900001525879,162.86575012207032,165.09920074462892,165.3765005493164,328818.3333333333
2020-02-04,164.92999267578125,161.47000122070312,163.82000732421875,161.7899932861328,288500.0,160.55404663085938,162.72999572753906,34.234138379119365,165.4724998474121,162.5689998626709,164.88880065917968,165.3286004638672,330563.3333333333
2020-02-05,164.36000061035156,161.9499969482422,162.6699981689453,163.19000244140625,274600.0,161.94337463378906,163.16666666666666,85.45299049022566,165.42450027465821,162.25625,164.71780059814452,165.26250045776368,330358.3333333333
2020-02-06,164.3699951171875,162.86000061035156,163.61000061035156,163.38999938964844,262500.0,162.14183044433594,163.53999837239584,86.79568004565014,165.44250030517577,161.95799980163574,164.54800048828125,165.18660049438478,331135.0
2020-02-07,164.85000610351562,162.27999877929688,163.36000061035156,164.5,244400.0,163.24334716796875,163.87666829427084,107.13590689667276,165.4569999694824,162.10249977111818,164.3688003540039,165.19350051879883,332075.0
2020-02-10,167.1699981689453,163.9499969482422,164.5399932861328,165.52000427246094,186700.0,164.2555694580078,165.54666646321616,157.38420742389602,165.33250045776367,162.31875,164.1870004272461,165.1872006225586,330923.3333333333
2020-02-11,165.72000122070312,160.82000732421875,165.72000122070312,163.57000732421875,324600.0,162.32044982910156,163.37000528971353,-53.64333202780483,165.06500091552735,162.55750007629393,163.9308004760742,165.18730072021484,332598.3333333333
2020-02-12,164.94000244140625,162.88999938964844,163.94000244140625,164.11000061035156,175600.0,162.85633850097656,163.9800008138021,-9.284266615502217,164.8640007019043,162.81500015258788,163.73760040283204,165.17620071411133,332120.0
2020-02-13,170.57000732421875,162.47999572753906,163.35000610351562,170.2100067138672,456500.0,168.90972900390625,167.75333658854166,136.03372794157482,165.01450119018554,163.19475021362305,163.60920043945313,165.23340072631837,328231.6666666667
2020-02-14,173.9499969482422,169.36000061035156,170.66000366210938,173.82000732421875,338800.0,172.49215698242188,172.37666829427087,139.0146528859739,165.34850158691407,163.62000045776367,163.5724005126953,165.2951008605957,330240.0
2020-02-18,175.66000366210938,172.27999877929688,173.9600067138672,172.82000732421875,226400.0,171.49978637695312,173.586669921875,93.90657460262912,165.54850158691406,164.01825065612792,163.55100067138673,165.36220092773436,330686.6666666667
2020-02-19,175.07000732421875,172.0399932861328,173.32000732421875,174.00999450683594,269200.0,172.68069458007812,173.7066650390625,64.68051181286569,165.79750137329103,164.42550048828124,163.55800048828124,165.44870086669923,331085.0
2020-02-20,177.0,173.77000427246094,174.3000030517578,176.52000427246094,365400.0,175.17153930664062,175.76333618164062,101.26997760909744,166.28150177001953,164.86125068664552,163.57440063476562,165.59290084838867,334106.6666666667
2020-02-21,181.9900054931641,175.24000549316406,176.25999450683594,179.9199981689453,585500.0,178.54554748535156,179.0500030517578,137.8928520068979,166.87050170898436,165.41800079345703,163.66640045166017,165.7810008239746,341016.6666666667
2020-02-24,181.7400054931641,175.0500030517578,178.0,181.05999755859366,305000.0,179.6768341064453,179.2833353678385,86.69896143649507,167.64350128173828,165.98225059509278,164.11320037841796,165.98000076293945,342050.0
2020-02-25,181.25,175.91000366210938,180.97000122070312,177.22000122070312,254600.0,175.86618041992188,178.12666829427087,31.98239944794442,168.2030014038086,166.45000076293945,164.52020050048827,166.13640075683594,342386.6666666667
2020-02-26,179.8800048828125,172.7100067138672,177.4600067138672,174.0500030517578,385300.0,172.72039794921875,175.54667154947913,-88.08725521286915,168.7310012817383,166.8667507171631,164.92080047607422,166.2717007446289,346198.3333333333
2020-02-27,176.3800048828125,170.30999755859375,172.58999633789062,170.30999755859375,280500.0,169.0089569091797,172.33333333333337,-129.06048426275422,169.07500152587892,167.1672508239746,165.25080047607423,166.3615007019043,349036.6666666667
2020-02-28,167.9199981689453,160.7100067138672,167.25,163.02000427246094,500200.0,161.77464294433594,163.88333638509116,-144.81825516658094,169.1525016784668,167.26800079345702,165.41080047607423,166.35820068359374,353741.6666666667
2020-03-02,165.7100067138672,160.67999267578125,163.60000610351562,163.77000427246094,515200.0,162.51893615722656,163.38666788736978,-86.28113078052381,169.29800186157226,167.3860008239746,165.55000061035156,166.3619007873535,359366.6666666667
2020-03-03,166.97999572753906,161.99000549316406,163.94000244140625,163.52999877929688,455200.0,162.28076171875,164.16666666666666,-50.694845397988345,169.31650161743164,167.45325088500977,165.68280059814452,166.38180084228514,363066.6666666667
2020-03-04,170.35000610351562,165.4600067138672,165.7100067138672,170.05999755859375,307300.0,168.76087951660156,168.6233367919922,44.68431704554881,169.7300018310547,167.6012508392334,165.92960052490236,166.47520080566406,364846.6666666667
2020-03-05,169.0399932861328,165.02000427246094,166.6300048828125,166.22000122070312,525900.0,164.95021057128906,166.75999959309897,49.97845093977529,169.88150177001953,167.65300102233886,166.0722006225586,166.53280075073243,369620.0
2020-03-06,173.99000549316406,161.69000244140625,163.5399932861328,173.1300048828125,568900.0,171.80743408203125,169.60333760579428,94.43906064692446,170.36850204467774,167.90550117492677,166.38180084228514,166.64960083007813,370886.6666666667
2020-03-09,174.99000549316406,164.02000427246094,168.3800048828125,172.0,653800.0,170.6860809326172,170.336669921875,83.47020409515899,170.74350204467774,168.1002510070801,166.65200073242187,166.75620086669923,359883.3333333333
2020-03-10,176.27000427246094,169.0,170.4499969482422,174.88999938964844,733200.0,173.55398559570312,173.38666788736975,143.2876921386121,171.2120018005371,168.2722511291504,166.9796008300781,166.89520080566408,361873.3333333333
2020-03-11,176.1999969482422,157.64999389648438,173.33999633789062,159.30999755859375,638500.0,158.09298706054688,164.38666280110678,-113.10720208367408,170.99900131225587,168.0320011138916,167.01820068359376,166.87290084838867,366261.6666666667
2020-03-12,154.72000122070312,144.38999938964844,152.33999633789062,145.63999938964844,766600.0,144.52743530273438,148.25,-159.09798002463288,170.07550125122071,167.4697509765625,166.76520080566405,166.69250091552735,372780.0
2020-03-13,163.16000366210938,143.97999572753906,150.64999389648438,162.13999938964844,706300.0,160.90138244628906,156.42666625976562,-49.99402230967677,169.67200088500977,167.34325103759767,166.82820068359376,166.66970092773437,378911.6666666667
2020-03-16,158.44000244140625,142.1300048828125,146.02999877929688,145.9499969482422,601900.0,144.83505249023438,148.84000142415366,-73.84117742645313,168.27850036621095,166.8135009765625,166.56620056152343,166.5019009399414,381718.3333333333
2020-03-17,165.39999389648438,147.47000122070312,148.5800018310547,163.07000732421875,613700.0,161.82427978515625,158.64666748046875,41.10209952300768,167.79100036621094,166.6697509765625,166.61080078125,166.49340103149413,386415.0
2020-03-18,174.97999572753906,153.4600067138672,156.1999969482422,163.7100067138672,777800.0,162.45938110351562,164.0500030517578,109.58213134840132,167.2760009765625,166.53675117492676,166.60220092773437,166.49750106811524,394496.6666666667
2020-03-19,169.66000366210938,150.10000610351562,164.3300018310547,155.38999938964844,654500.0,154.20294189453125,158.38333638509116,20.024468035267283,166.21950073242186,166.2505012512207,166.42700103759765,166.4160011291504,390715.0
2020-03-20,154.02000427246094,142.8000030517578,153.67999267578125,143.8000030517578,630100.0,142.7014923095703,146.8733367919922,-94.25633527445824,164.4135009765625,165.64200134277343,166.0424011230469,166.18990112304687,397076.6666666667
2020-03-23,144.74000549316406,114.01000213623048,144.74000549316406,123.01000213623048,855600.0,122.07029724121094,127.25333658854169,-141.81809834715898,161.51100120544433,164.57725124359132,165.21840103149415,165.75980110168456,409321.6666666667
2020-03-24,141.27999877929688,125.01000213623048,127.30999755859376,137.16000366210938,677800.0,136.11221313476562,134.48333485921222,-63.695564582831715,159.50800132751465,163.8555013656616,164.6014012145996,165.4752011871338,417475.0
2020-03-25,146.0,133.30999755859378,135.99000549316406,136.53999328613278,538200.0,135.4969482421875,138.61666361490884,-18.14462819811575,157.6325008392334,163.18175106048585,163.95380111694337,165.18240104675294,423568.3333333333
2020-03-26,140.58000183105472,128.91999816894528,137.22000122070312,132.16999816894528,431700.0,131.16030883789062,133.88999938964844,-29.815168847183987,155.725500869751,162.40025119781495,163.23460098266602,164.79600105285644,427916.6666666667
2020-03-27,136.77999877929688,127.30999755859376,130.22999572753906,132.24000549316406,604500.0,131.22978210449222,132.11000061035156,-26.94963581736213,154.18650093078614,161.66950130462646,162.53540115356446,164.39260108947755,433915.0
2020-03-30,134.8800048828125,128.0,134.8800048828125,132.83000183105472,333400.0,131.81527709960938,131.90333557128906,-81.48879551320734,152.6395008087158,160.96875133514405,161.84920120239258,163.99740104675294,435176.6666666667
2020-03-31,135.49000549316406,130.00999450683594,131.78999328613278,132.49000549316406,393400.0,131.47789001464844,132.66333516438806,-40.459748052278364,151.08750114440917,160.20200138092042,161.12260116577147,163.5888010406494,435625.0
2020-04-01,132.86000061035156,126.27999877929688,129.3699951171875,127.31999969482422,388800.0,126.34737396240234,128.81999969482422,-166.66666666667132,148.95050125122071,159.3402515411377,160.28840118408203,163.13390106201172,432281.6666666667
2020-04-02,129.47000122070312,123.0500030517578,125.8499984741211,126.0500030517578,358200.0,125.08707427978516,126.19000244140624,-122.02341482517427,146.94200134277344,158.4117515563965,159.47260131835938,162.72480102539063,432946.6666666667
2020-04-03,123.98999786376952,117.25,122.16000366210938,120.56999969482422,419000.0,119.64894104003906,120.60333251953124,-133.5081932573743,144.31400108337402,157.34125156402587,158.52120132446288,162.26230094909667,434453.3333333333
2020-04-06,137.08000183105472,122.87999725341795,123.38999938964844,135.97999572753906,387600.0,134.94120788574222,131.97999827067056,70.33559687361408,142.51300086975098,156.62825145721436,157.92880111694336,161.94740089416504,436883.3333333333
2020-04-07,141.66000366210938,136.35000610351562,136.69999694824222,139.02999877929688,339100.0,137.96791076660156,139.01333618164062,130.7891915182394,140.7200008392334,155.96600131988527,157.38880111694337,161.64760093688966,436888.3333333333
2020-04-08,144.33999633789062,135.72999572753906,140.9600067138672,141.3000030517578,316700.0,140.2205810546875,140.4566650390625,88.94812144893993,139.8195011138916,155.40925121307373,156.94500106811523,161.36030097961427,437370.0
2020-04-09,146.66000366210938,141.77000427246094,143.07000732421875,143.33999633789062,302200.0,142.24501037597656,143.92333475748697,81.68919300463011,139.70450096130372,154.89000110626222,156.54320114135743,161.0843009185791,434766.6666666667
2020-04-13,146.77000427246094,141.02999877929688,142.1699981689453,145.5399932861328,279300.0,144.4281768798828,144.44666544596353,83.61935027705692,138.87450065612794,154.27325077056884,156.224600982666,160.83280082702638,433706.6666666667
2020-04-14,151.6699981689453,147.0,150.08999633789062,151.1699981689453,341000.0,150.0151824951172,149.94666544596353,139.2982694727108,139.1355007171631,153.70700054168702,156.0308009338379,160.63870079040527,434066.6666666667
2020-04-15,149.88999938964844,143.50999450683594,149.88999938964844,143.89999389648438,378900.0,142.8007049560547,145.76666259765625,24.267022371745263,138.17700004577637,152.98400020599365,155.6456007385254,160.37240074157714,435288.3333333333
2020-04-16,146.72999572753906,142.74000549316406,144.49000549316406,144.1699981689453,317700.0,143.0686492919922,144.54666646321616,-46.12536597329166,137.19999961853028,152.2380002975464,155.29320083618165,160.09100074768065,435836.6666666667
2020-04-17,154.49000549316406,145.07000732421875,146.57000732421875,153.94000244140625,309500.0,152.76402282714844,151.1666717529297,98.36395491225636,137.12749977111815,151.67350025177,155.10820083618165,159.91300071716307,435980.0
2020-04-20,154.8300018310547,148.8300018310547,153.4199981689453,152.86000061035156,268700.0,151.69227600097656,152.17333475748697,80.76081119228138,137.58049964904785,150.99700031280517,154.8976008605957,159.72280067443847,436451.6666666667
2020-04-21,153.1999969482422,148.83999633789062,151.0,151.0,221200.0,149.84646606445312,151.0133310953776,45.89577637945071,138.97999954223633,150.24550037384034,154.6276008605957,159.4982006072998,435301.6666666667
2020-04-22,154.3800048828125,151.63999938964844,153.25,153.85000610351562,167900.0,152.67471313476562,153.29000345865884,80.6835217212757,139.81449966430665,149.66125049591065,154.3942008972168,159.29060066223144,430746.6666666667
2020-04-23,155.30999755859375,152.55999755859375,153.85000610351562,153.6199951171875,146600.0,152.4464569091797,153.82999674479166,101.11499905871456,140.6684997558594,149.1505002975464,154.19520065307617,159.0630005645752,427418.3333333333
2020-04-24,155.99000549316406,152.67999267578125,154.7100067138672,153.77000427246094,238800.0,152.59532165527344,154.14666748046875,80.67833631686767,141.74850006103514,148.73700046539307,153.98840072631836,158.8630005645752,426040.0
2020-04-27,157.3000030517578,153.52000427246094,155.00999450683594,155.8000030517578,153800.0,154.6098175048828,155.54000345865884,116.59211935252593,142.92649993896484,148.5565004348755,153.70020065307617,158.65470054626465,421560.0
2020-04-28,158.6999969482422,152.2899932861328,157.1199951171875,152.80999755859375,180600.0,151.64263916015625,154.5999959309896,33.671034706767074,143.9254997253418,148.2825002670288,153.28000045776366,158.4262004852295,409416.6666666667
2020-04-29,156.9199981689453,152.27999877929688,154.64999389648438,155.67999267578125,321400.0,154.49072265625,154.95999654134116,45.25522623137522,145.08499908447266,148.08625011444093,152.93720016479492,158.24410041809082,409080.0
2020-04-30,154.35000610351562,149.0,154.35000610351562,151.41000366210938,415700.0,150.56283569335938,151.586669921875,-165.38466554508568,146.2894992828369,147.62000026702881,152.4852003479004,158.02160041809083,411200.0
2020-05-01,150.8699951171875,145.36000061035156,150.0399932861328,149.75,201700.0,148.91212463378906,148.65999857584634,-124.72664488861412,147.47449913024903,147.20825023651122,151.94980026245116,157.7621004486084,409985.0
2020-05-04,154.0399932861328,148.3000030517578,148.60000610351562,153.13999938964844,196100.0,152.28314208984375,151.82666524251303,-16.983711849106548,149.10299911499024,146.70850009918212,151.41420028686522,157.5403003692627,408878.3333333333
2020-05-05,155.74000549316406,152.6300048828125,153.6300048828125,153.63999938964844,176400.0,152.7803497314453,154.00333658854166,65.80695174341099,149.9859992980957,146.24950008392335,150.86580032348633,157.48950035095214,407745.0
2020-05-06,154.58999633789062,149.52000427246094,153.8800048828125,149.85000610351562,195600.0,149.01156616210938,151.32000223795572,-8.915185355946194,150.52699966430663,145.62350025177003,150.31840042114257,157.41930046081544,407893.3333333333
2020-05-07,153.1999969482422,145.91000366210938,152.24000549316406,146.16000366210938,284400.0,145.3422088623047,148.42333475748697,-87.61141964575485,150.7699996948242,145.2947504043579,149.76060043334962,157.3407004547119,407223.3333333333
2020-05-08,152.3800048828125,147.6999969482422,147.8800048828125,151.82000732421875,270400.0,150.9705352783203,150.63333638509116,-29.57768267053868,151.19400024414062,145.44925060272217,149.3908006286621,157.32080055236815,408803.3333333333
2020-05-11,153.49000549316406,147.32000732421875,151.75,147.99000549316406,436200.0,147.16197204589844,149.60000610351562,-53.421360147227446,151.31650085449218,145.09550075531007,149.09020065307618,157.2505005645752,408465.0
2020-05-12,149.85000610351562,143.4499969482422,148.82000732421875,143.55999755859375,365700.0,142.7567596435547,145.62000020345053,-139.01687380259511,150.9360008239746,145.03575077056885,148.68600051879883,157.1180005645752,408913.3333333333
2020-05-13,145.02000427246094,139.41999816894528,143.22999572753906,142.2899932861328,263000.0,141.4938507080078,142.2433319091797,-125.05352964876684,150.85550079345703,144.5162504196167,148.26120040893554,156.97200050354004,409523.3333333333
2020-05-14,146.5800018310547,140.14999389648438,141.58999633789062,146.10000610351562,356700.0,145.2825469970703,144.27666727701822,-50.292864894745904,150.95200119018554,144.0760004043579,147.78200057983398,156.85580055236815,410981.6666666667
2020-05-15,146.80999755859375,142.07000732421875,145.52999877929688,145.5800018310547,569800.0,144.7654571533203,144.82000223795572,-17.841563829276904,150.53400115966798,143.83075046539307,147.369200592041,156.72070060729982,414388.3333333333
2020-05-18,151.22999572753906,147.9499969482422,149.10000610351562,149.77000427246094,231600.0,148.9320068359375,149.6499989827474,155.93024392810872,150.37950134277344,143.98000049591064,146.90200057983398,156.64190071105958,408490.0
2020-05-19,149.80999755859375,145.4499969482422,148.02999877929688,145.47999572753906,161800.0,144.666015625,146.913330078125,41.11639991545848,150.1035011291504,144.54175033569337,146.37160049438478,156.51180061340332,406103.3333333333
2020-05-20,149.94000244140625,146.39999389648438,147.17999267578125,148.22000122070312,212400.0,147.39068603515625,148.1866658528646,53.17927966301932,149.82200088500977,144.8182502746582,145.83820053100587,156.408900680542,405400.0
2020-05-21,150.8800048828125,148.42999267578125,148.60000610351562,150.3300018310547,297000.0,149.48886108398438,149.87999979654947,81.96048216434758,149.65750122070312,145.16300048828126,145.6586006164551,156.33840065002443,403928.3333333333
2020-05-22,153.17999267578125,149.42999267578125,150.25999450683594,151.4499969482422,160200.0,150.60260009765625,151.35332743326822,109.14287808802185,149.5415008544922,145.64500045776367,145.77480056762695,156.27000068664552,401923.3333333333
2020-05-26,155.8000030517578,152.3699951171875,153.47999572753906,152.63999938964844,204300.0,151.78594970703125,153.60333251953125,120.96892368757229,149.3835006713867,146.15500030517578,145.58480056762696,156.20650062561035,396991.6666666667
2020-05-27,156.75999450683594,152.9600067138672,154.5,155.89999389648438,242000.0,155.0277099609375,155.2066650390625,107.54699983678499,149.53800048828126,146.73175010681152,145.7838005065918,156.17500053405763,392438.3333333333
2020-05-28,160.08999633789062,155.00999450683594,156.72000122070312,157.8000030517578,239100.0,156.91708374023438,157.63333129882812,117.00544676090942,149.64400100708008,147.36450004577637,145.67840042114258,156.1446006011963,388836.6666666667
2020-05-29,160.27999877929688,154.72000122070312,157.8000030517578,159.72999572753906,249600.0,158.83627319335938,158.2433319091797,92.6423381777295,150.06000061035155,148.17474994659423,145.59880020141603,156.10050056457519,387875.0
2020-06-01,163.3699951171875,159.0399932861328,160.97000122070312,161.3000030517578,228600.0,160.3975067138672,161.23666381835938,121.47738555173784,150.63750076293945,149.05599994659423,145.7170002746582,156.07200065612793,382920.0
2020-06-02,167.1199951171875,162.5500030517578,164.24000549316406,166.02000427246094,325100.0,165.09107971191406,165.2300008138021,128.02152222136394,151.28150100708007,150.19225006103517,146.16140029907226,156.10190071105956,378856.6666666667
2020-06-03,169.97999572753906,166.22999572753906,167.6999969482422,168.9600067138672,406100.0,168.01463317871094,168.38999938964844,111.56776578270609,152.04750137329103,151.01675033569336,147.080400390625,156.14940071105957,374728.3333333333
2020-06-04,172.5,167.27999877929688,169.6300048828125,168.41000366210938,542100.0,167.4677276611328,169.39666748046875,85.74963702766804,152.9755012512207,151.75125045776366,147.705400390625,156.1534008026123,371543.3333333333
2020-06-05,174.39999389648438,167.85000610351562,171.72000122070312,169.17999267578125,421100.0,168.2333984375,170.4766642252604,79.24818021572347,154.1265007019043,152.44825019836426,148.35820037841796,156.15600074768065,367920.0
2020-06-08,174.0,166.47999572753906,173.82000732421875,169.50999450683594,489800.0,168.56155395507812,169.99666341145834,57.32102140909779,155.01100006103516,153.10250015258788,149.1050003051758,156.1698006439209,363306.6666666667
2020-06-09,169.3000030517578,159.30999755859375,161.52000427246094,161.3300018310547,1026500.0,160.42733764648438,163.3133341471354,-166.66666666666995,155.6779998779297,153.49725036621095,149.6868002319336,156.11110069274903,368643.3333333333
2020-06-10,163.02999877929688,155.6999969482422,161.1699981689453,156.39999389648438,420300.0,155.52490234375,158.3766632080078,-120.95810548496272,156.31999969482422,153.6280002593994,150.1582000732422,156.0037006378174,365616.6666666667
2020-06-11,153.66000366210938,147.82000732421875,153.47000122070312,148.63999938964844,408600.0,147.80831909179688,150.04000345865884,-125.52803683116451,156.6375,153.74650039672852,150.48119995117187,155.8019005584717,362198.3333333333
2020-06-12,154.8699951171875,148.63999938964844,151.17999267578125,151.27999877929688,355700.0,150.43356323242188,151.59666442871094,-73.71408737678719,156.89649963378906,153.92425041198732,150.96039993286132,155.62440055847168,355163.3333333333
2020-06-15,154.4499969482422,147.0,148.83999633789062,154.32000732421875,323600.0,153.45655822753906,151.92333475748697,-44.96212188701947,157.33349990844727,153.93375053405762,151.52580001831055,155.49920066833496,349648.3333333333
2020-06-16,160.0,154.44000244140625,158.8000030517578,155.00999450683594,302200.0,154.1427001953125,156.48333231608072,62.27384946210676,157.59549942016602,153.98750038146972,152.21459991455077,155.36790061950683,344183.3333333333
2020-06-17,158.6199951171875,152.02000427246094,157.47999572753906,153.92999267578125,214800.0,153.06874084472656,154.8566640218099,58.137092960051184,158.01799926757812,154.06075019836425,152.57359985351562,155.2512004852295,333503.3333333333
2020-06-18,155.00999450683594,152.9499969482422,154.0,154.07000732421875,205700.0,153.2079620361328,154.00999959309897,9.765004816879081,158.3104995727539,154.06625022888184,152.87440002441406,155.1316005706787,325635.0
2020-06-19,157.1999969482422,154.2100067138672,155.19000244140625,155.6999969482422,295100.0,154.82882690429688,155.70333353678384,56.69266117170454,158.5789993286133,154.1182502746582,153.16239990234374,155.05370048522948,321583.3333333333
2020-06-22,155.5500030517578,150.36000061035156,150.36000061035156,152.25999450683594,310600.0,151.40806579589844,152.72333272298178,-121.93952717275651,158.61949920654297,154.08050003051758,153.34079986572266,154.94200050354004,319565.0
2020-06-23,154.13999938964844,152.3800048828125,153.7899932861328,152.47000122070312,169200.0,151.6168975830078,152.99666849772134,-72.37670173499968,158.6109992980957,153.99724998474122,153.47940002441408,154.85200050354004,312310.0
2020-06-24,151.1300048828125,146.52000427246094,150.97999572753906,149.22999572753906,231000.0,148.39503479003906,148.96000162760416,-160.31195912679152,158.27749938964843,153.90774993896486,153.44059997558594,154.73570045471192,310603.3333333333
2020-06-25,148.47000122070312,145.85000610351562,148.3699951171875,146.6199951171875,290900.0,145.79962158203125,146.9800008138021,-106.8868290844072,157.71849899291993,153.68125,153.495,154.5703003692627,308895.0
2020-06-26,147.33999633789062,142.33999633789062,146.6199951171875,142.60000610351562,592500.0,141.8021240234375,144.09333292643228,-113.61732671534278,156.86199951171875,153.46100006103515,153.4636001586914,154.37840049743653,312290.0
2020-06-29,148.77000427246094,144.41000366210938,145.1699981689453,148.38999938964844,371900.0,147.5597381591797,147.19000244140625,-24.25305815632316,156.21649932861328,153.42700004577637,153.35260009765625,154.23040046691895,312518.3333333333
2020-06-30,150.10000610351562,146.83999633789062,147.47000122070312,149.52000427246094,298100.0,148.68341064453125,148.82000223795572,79.8638810008444,155.3914993286133,153.33650016784668,153.28580017089843,154.09170051574708,310503.3333333333
2020-07-01,151.0500030517578,145.47999572753906,148.61000061035156,150.00999450683594,387700.0,149.170654296875,148.84666442871094,83.9057947818699,154.44399871826172,153.24575004577636,153.26600006103516,153.94680046081544,310505.0
2020-07-02,154.32000732421875,149.25999450683594,152.32000732421875,149.72000122070312,368300.0,148.88229370117188,151.1000010172526,108.72628211791044,153.5094985961914,153.24249992370605,153.18339996337892,153.78880043029784,310991.6666666667
2020-07-06,153.11000061035156,149.83999633789062,151.80999755859375,150.92999267578125,281200.0,150.08551025390625,151.29332987467447,87.94518907127896,152.5969985961914,153.36174964904785,153.1295999145508,153.66240028381347,310400.0
2020-07-07,151.44000244140625,148.3699951171875,149.13999938964844,149.97000122070312,272700.0,149.13088989257812,149.92666625976562,-4.910126616640383,151.61999893188477,153.31549949645995,153.05359985351564,153.521000289917,309908.3333333333
2020-07-08,150.99000549316406,148.55999755859375,150.52999877929688,149.5800018310547,213600.0,148.74307250976562,149.71000162760416,-37.967628508725866,151.03249893188476,153.35524940490723,152.92919982910155,153.31470024108887,308813.3333333333
2020-07-09,153.0,148.9199981689453,148.9199981689453,151.4600067138672,241400.0,150.61256408691406,151.12666829427084,50.772365912540494,150.7854995727539,153.55274963378906,152.90220001220703,153.09110023498536,307153.3333333333
2020-07-10,154.9600067138672,150.5,151.66000366210938,154.27000427246094,214700.0,153.40682983398438,153.24333699544272,146.53264329470062,151.06699981689454,153.85224990844728,152.87400024414063,152.90560020446776,304416.6666666667
2020-07-13,156.97999572753906,152.3699951171875,153.30999755859375,153.69000244140625,262600.0,152.830078125,154.34666442871094,104.97399525148684,151.1875,154.04199981689453,152.91960021972656,152.7024002838135,303498.3333333333
2020-07-14,156.5800018310547,153.6699981689453,154.4199981689453,155.94000244140625,229400.0,155.06748962402344,155.39666748046875,93.47919834291059,151.26849975585938,154.3009998321533,153.04340026855468,152.49660026550293,302163.3333333333
2020-07-15,159.30999755859375,156.7899932861328,157.86000061035156,157.63999938964844,338200.0,156.75796508789062,157.913330078125,129.94512952154622,151.4,154.497749710083,153.13340026855468,152.27380027770997,303321.6666666667
2020-07-16,159.32000732421875,156.35000610351562,157.9499969482422,158.2899932861328,274500.0,157.40432739257812,157.9866689046224,84.73980103636795,151.61800003051758,154.81799964904786,153.22640014648437,152.04610023498535,304210.0
2020-07-17,162.24000549316406,157.77999877929688,158.39999389648438,161.88999938964844,199500.0,160.9842071533203,160.63666788736978,118.15558045711674,152.00899963378907,155.15974960327148,153.46720001220703,151.8928002166748,304736.6666666667
2020-07-20,161.44000244140625,158.4600067138672,160.72999572753906,159.9499969482422,217200.0,159.0550537109375,159.95000203450522,68.4058227154293,152.22149963378905,155.40024948120117,153.7429998779297,151.75180015563964,305913.3333333333
2020-07-21,164.57000732421875,158.92999267578125,161.1999969482422,164.02000427246094,288900.0,163.102294921875,162.5066680908203,122.0699095652733,152.80950012207032,155.71449966430663,153.98699981689452,151.68890022277833,306748.3333333333
2020-07-22,165.72999572753906,162.0800018310547,164.0,164.57000732421875,190600.0,163.6492156982422,164.12666829427084,112.99932245248104,153.41450042724608,156.0127498626709,154.31859985351562,151.7044002532959,307361.6666666667
2020-07-23,166.77000427246094,164.4499969482422,164.99000549316406,165.6999969482422,134400.0,164.7728729248047,165.63999938964844,110.6143311037791,154.23800048828124,156.25774993896485,154.7613998413086,151.7237001800537,306591.6666666667
2020-07-24,167.05999755859375,162.75999450683594,165.6999969482422,163.6699981689453,243300.0,162.75424194335938,164.49666341145834,45.40192124163786,155.09050064086915,156.40449981689454,155.18899993896486,151.72510017395018,305290.0
2020-07-27,164.44000244140625,163.02000427246094,163.5800018310547,164.16000366210938,147900.0,163.2415008544922,163.8733367919922,-22.64376308670509,156.16850051879882,156.5152500152588,155.55019989013672,151.66610023498535,300826.6666666667
2020-07-28,165.33999633789062,162.85000610351562,164.74000549316406,162.8800048828125,170900.0,161.96865844726562,163.69000244140625,-80.05383886494916,156.89300079345702,156.55475006103515,155.89619995117187,151.63270027160644,300313.3333333333
2020-07-29,165.0,160.49000549316406,163.02999877929688,161.91000366210938,188500.0,161.0040740966797,162.46666971842447,-126.14082911402308,157.51250076293945,156.45200004577637,156.13899993896484,151.52050025939943,300186.6666666667
2020-07-30,162.25,160.08999633789062,160.08999633789062,160.77000427246094,149300.0,159.87046813964844,161.0366668701172,-127.11251893802657,158.0505012512207,156.24724998474122,156.44480010986328,151.40820030212402,299735.0
2020-07-31,161.9499969482422,157.0500030517578,160.49000549316406,159.19000244140625,251200.0,158.61502075195312,159.39666748046875,-119.75830870863142,158.52400131225585,156.01674995422363,156.66420013427734,151.2512003326416,300661.6666666667
2020-08-03,165.00999450683594,159.02000427246094,159.7899932861328,164.77000427246094,306000.0,164.17486572265625,162.93333435058594,50.78325290633988,159.21600189208985,155.90650024414063,156.95300018310547,151.30580039978028,301021.6666666667
2020-08-04,171.85000610351562,164.63999938964844,164.86000061035156,171.2899932861328,344900.0,170.67129516601562,169.25999959309897,166.666666666664,160.28200149536133,155.95100021362305,157.34980010986328,151.5623003387451,302263.3333333333
2020-08-05,170.8699951171875,167.16000366210938,170.8699951171875,169.3000030517578,307100.0,168.68849182128906,169.11000061035156,82.04139684990751,161.26800155639648,156.15025024414064,157.68300018310546,151.6339003753662,300111.6666666667
2020-08-06,171.47000122070312,168.44000244140625,169.5399932861328,169.8800048828125,165000.0,169.2664031982422,169.93000284830728,63.89843823395967,162.18900146484376,156.48725051879882,157.96260040283204,151.8732004547119,296766.6666666667
2020-08-07,171.36000061035156,169.63999938964844,169.63999938964844,171.05999755859375,185000.0,170.442138671875,170.6866658528646,70.4092880543892,163.02850112915038,157.04775047302246,158.22780029296874,151.95310035705566,295466.6666666667
2020-08-10,174.02000427246094,168.77000427246094,171.69000244140625,171.7100067138672,171700.0,171.0897979736328,171.50000508626303,117.3585460651097,163.92950134277345,157.55850067138672,158.46740051269532,152.03310035705567,292383.3333333333
2020-08-11,174.22000122070312,171.32000732421875,172.99000549316406,171.41000366210938,207000.0,170.7908935546875,172.31667073567712,111.69760604074987,164.7030014038086,157.985750579834,158.66960052490234,152.19330039978027,286336.6666666667
2020-08-12,174.32000732421875,172.35000610351562,173.80999755859375,172.97000122070312,211700.0,172.34524536132812,173.21333821614587,113.56892023424506,165.46950149536133,158.43475074768065,158.80860046386718,152.48500038146972,286005.0
2020-08-13,173.4600067138672,171.27000427246094,172.49000549316406,172.22000122070312,134100.0,171.5979461669922,172.31667073567712,28.284686268050308,166.16600189208984,158.89200096130372,158.87380035400392,152.97710037231445,285543.3333333333
2020-08-14,175.3300018310547,172.11000061035156,172.17999267578125,174.88999938964844,137800.0,174.25831604003906,174.11000061035156,121.83656742065644,166.81600189208984,159.41250076293946,159.00340026855469,153.35440032958985,284300.0
2020-08-17,178.02000427246094,174.8000030517578,175.42999267578125,176.69000244140625,217600.0,176.0518035888672,176.50333658854163,145.09371006993626,167.65300216674805,159.93725090026857,159.15360046386718,153.75590042114257,282976.6666666667
2020-08-18,178.6999969482422,175.24000549316406,176.72000122070312,177.0,242900.0,176.36068725585938,176.98000081380212,92.71501300997691,168.302001953125,160.55575103759764,159.30340057373047,154.20420043945313,284355.0
2020-08-19,179.49000549316406,175.64999389648438,176.72999572753906,177.60000610351562,170900.0,176.95852661132812,177.5800018310547,75.94105336710234,168.95350189208983,161.18400115966796,159.6288006591797,154.65780044555663,283798.3333333333
2020-08-20,178.64999389648438,176.3000030517578,176.41000366210938,177.07000732421875,223400.0,176.43045043945312,177.34000142415368,58.326332461480206,169.52200241088866,161.88000144958497,160.04220092773437,155.10020050048828,283488.3333333333
2020-08-21,179.02999877929688,176.25999450683594,176.6699981689453,178.69000244140625,183600.0,178.04458618164062,177.9933319091797,110.66313244926936,170.27300262451172,162.68175163269044,160.64320098876954,155.5622004699707,282563.3333333333
2020-08-24,179.8800048828125,177.91000366210938,179.0,179.80999755859375,99200.0,179.16053771972656,179.20000203450525,147.95796398513053,171.05550231933594,163.61200141906738,161.21380096435547,156.0871004486084,280056.6666666667
2020-08-25,180.0,176.2100067138672,180.0,177.6699981689453,189600.0,177.02825927734375,177.96000162760413,-7.686458736511077,171.79500198364258,164.3440013885498,161.68080078125,156.60330039978027,279406.6666666667
2020-08-26,177.10000610351562,174.22000122070312,177.10000610351562,174.49000549316406,210400.0,173.85975646972656,175.27000427246094,-152.4623489780604,172.42400207519532,164.96825141906737,162.07040100097657,157.14250045776367,277495.0
2020-08-27,178.0500030517578,175.02000427246094,175.0500030517578,176.52000427246094,131300.0,175.88243103027344,176.53000386555993,-48.11415627632278,173.2115020751953,165.631001663208,162.52220123291016,157.5479005432129,272915.0
2020-08-28,178.0,176.24000549316406,177.30999755859375,177.69000244140625,162000.0,177.04820251464844,177.3100026448568,3.446566018173833,174.13650207519532,166.3302516937256,162.9946011352539,157.93450057983398,266580.0
2020-08-31,178.58999633789062,176.11000061035156,177.30999755859375,177.85000610351562,184700.0,177.20762634277344,177.5166676839193,49.09342071318564,174.79050216674804,167.00325202941895,163.43760131835938,158.30000061035156,262640.0
2020-09-01,179.2100067138672,175.85000610351562,178.32000732421875,176.24000549316406,221700.0,175.60342407226562,177.10000610351562,34.96346552811575,175.03800277709962,167.66000213623047,163.91720153808595,158.6290007019043,258171.66666666666
2020-09-02,181.9199981689453,177.02999877929688,177.25999450683594,181.4600067138672,236900.0,180.80458068847656,180.13666788736975,166.66666666667157,175.64600296020507,168.45700225830078,164.49700164794922,158.98820083618165,245011.66666666666
2020-09-03,182.9900054931641,177.0500030517578,181.6499938964844,177.85000610351562,253700.0,177.20762634277344,179.29667154947913,59.106394914207456,176.04450302124025,169.116752243042,165.06940185546875,159.25500091552735,242235.0
2020-09-04,179.3699951171875,173.91000366210938,179.1300048828125,176.0500030517578,259200.0,175.41412353515625,176.44333394368493,-85.25624219744843,176.29400329589845,169.6612522125244,165.65800201416016,159.57650100708008,239745.0
2020-09-08,177.02999877929688,172.2899932861328,175.6699981689453,174.1300048828125,275800.0,173.5010528564453,174.4833323160807,-112.70112033405529,176.4150032043457,170.17225227355956,166.2886019897461,159.87610107421875,238413.33333333334
2020-09-09,183.4499969482422,169.05999755859375,174.3699951171875,170.25999450683594,635000.0,169.64503479003906,174.25666300455725,-79.55454089357623,176.35750274658204,170.5302520751953,166.72600189208984,160.03930099487306,243603.33333333334
2020-09-10,179.80999755859375,172.00999450683594,174.0,177.0800018310547,455300.0,176.44039916992188,176.29999796549475,6.7188335517169415,176.5630027770996,171.01625213623046,167.2772018432617,160.28150100708007,246155.0
2020-09-11,181.44000244140625,175.8699951171875,177.55999755859375,179.0,281200.0,178.3534698486328,178.76999918619788,134.83401208980428,176.90200271606446,171.53400230407715,167.857001953125,160.56150100708007,247261.66666666666
2020-09-14,178.85000610351562,175.1999969482422,176.30999755859375,176.25999450683594,298000.0,175.62335205078125,176.76999918619788,31.214232675179254,176.97050247192382,171.89325218200685,168.38780181884766,160.7856008911133,248800.0
2020-09-15,178.25999450683594,175.27000427246094,177.0,176.39999389648438,209100.0,175.76284790039062,176.64333089192712,6.257073893244005,176.95600204467775,172.30450210571288,168.8972018432617,161.01340087890625,247366.66666666666
2020-09-16,178.63999938964844,174.80999755859375,177.38999938964844,175.47000122070312,250300.0,174.83621215820312,176.30666605631507,-59.90916213852617,176.8795021057129,172.59075202941895,169.40720184326173,161.23040084838868,246361.66666666666
2020-09-17,179.7100067138672,174.17999267578125,174.4600067138672,176.9499969482422,283500.0,176.31085205078125,176.9466654459635,-13.932911721716723,176.8470016479492,172.90025177001954,169.95460174560546,161.44190078735352,248266.66666666666
2020-09-18,177.24000549316406,172.91000366210938,177.2100067138672,173.41000366210938,461200.0,172.7836456298828,174.52000427246094,-166.6666666666653,176.66400146484375,173.0930019378662,170.3936016845703,161.64790084838867,252103.33333333334
2020-09-21,172.55999755859375,169.5800018310547,171.9600067138672,171.16000366210938,372100.0,170.54177856445312,171.1000010172526,-145.47008653162047,176.2875015258789,173.2802520751953,170.7314016723633,161.80270095825196,253456.66666666666
2020-09-22,174.17999267578125,171.11000061035156,172.00999450683594,172.8300018310547,220500.0,172.2057647705078,172.7066650390625,-55.586311111824294,175.93850173950196,173.49700202941895,171.11420166015625,162.0169009399414,247256.66666666666
2020-09-23,174.5500030517578,170.4499969482422,173.4499969482422,171.27000427246094,360100.0,170.65139770507812,172.09000142415368,-50.968208316826136,175.61850204467774,173.70675201416014,171.42080169677735,162.23210098266603,247060.0
2020-09-24,172.92999267578125,168.61000061035156,171.1699981689453,172.49000549316406,206000.0,171.86697387695312,171.34333292643228,-66.64030789624972,175.51850204467775,173.97125205993652,171.71780181884765,162.42560104370116,245525.0
2020-09-25,173.9499969482422,171.27999877929688,171.61000061035156,173.6699981689453,181500.0,173.042724609375,172.9666646321615,94.07608136951129,175.37600173950196,174.29375190734862,172.0254019165039,162.62590103149415,242088.33333333334
2020-09-28,176.72000122070312,174.8300018310547,174.99000549316406,175.82000732421875,164400.0,175.18495178222656,175.79000345865882,166.66666666666245,175.2825019836426,174.70950202941896,172.3040020751953,162.88560104370117,238690.0
2020-09-29,178.0,174.55999755859375,175.44000244140625,177.30999755859375,222400.0,176.6695556640625,176.62333170572913,97.54037081287687,175.2555015563965,175.02300186157225,172.65120208740234,163.19710098266603,237710.0
2020-09-30,179.57000732421875,176.63999938964844,177.38999938964844,177.64999389648438,252400.0,177.00833129882812,177.95333353678382,90.45675123238422,175.3260009765625,175.18200187683107,172.9238018798828,163.45540084838868,237371.66666666666
2020-10-01,180.97999572753903,177.00999450683594,177.05999755859375,180.1999969482422,181500.0,179.54913330078125,179.3966623942057,109.5903932365367,175.26300048828125,175.45450172424316,173.2364016723633,163.77750076293944,236836.66666666666
2020-10-02,181.8300018310547,177.8699951171875,178.61000061035156,181.0500030517578,178800.0,180.3960723876953,180.25,102.86231532829605,175.42300033569336,175.7337516784668,173.5434017944336,164.1524008178711,235793.33333333334
2020-10-05,184.83999633789062,181.77999877929688,181.77999877929688,183.80999755859366,162700.0,183.1460876464844,183.47666422526038,141.20032867323346,175.81100006103514,176.0525016784668,173.94620178222655,164.5676008605957,234926.66666666666
2020-10-06,186.5800018310547,181.92999267578125,185.0,182.6499938964844,194100.0,181.9902648925781,183.71999613444007,87.17525591455573,176.23699951171875,176.32600135803222,174.31600158691407,164.93310073852538,233785.0
2020-10-07,185.2400054931641,180.75,184.1199951171875,180.9900054931641,199200.0,180.33628845214844,182.326670328776,20.419078572189992,176.77350006103515,176.56550140380858,174.67820159912108,165.2872007751465,233281.66666666666
2020-10-08,183.6100006103516,180.75,181.1300048828125,182.7700042724609,145700.0,182.10986328125,182.37666829427087,-3.803968398052158,177.05800018310546,176.81050148010254,175.09540161132813,165.61720077514647,230073.33333333334
2020-10-09,184.7700042724609,182.6100006103516,183.9600067138672,183.30999755859366,114400.0,182.64788818359366,183.56333414713538,52.93176191717247,177.27350006103515,177.0877513885498,175.54620147705077,165.99550079345704,227405.0
2020-10-12,185.42999267578125,183.3300018310547,184.0,184.9600067138672,132400.0,184.2919464111328,184.5733337402344,109.45296688147872,177.70850067138673,177.33950157165526,176.0616015625,166.36290084838868,226286.66666666666
2020-10-13,185.97000122070312,183.33999633789062,185.1000061035156,184.5399932861328,128700.0,183.8734588623047,184.61666361490882,82.28513588779664,178.11550064086913,177.53575134277344,176.45700134277342,166.70500076293945,224811.66666666666
2020-10-14,186.1100006103516,181.94000244140625,184.52999877929688,182.8000030517578,154800.0,182.1397399902344,183.61666870117188,-13.073045258220306,178.48200073242188,177.68075141906738,176.68720153808593,167.01850082397462,222576.66666666666
2020-10-15,183.9199981689453,178.00999450683594,178.00999450683594,183.2899932861328,143000.0,182.6279602050781,181.73999532063806,-161.18573232027313,178.79900054931642,177.8230010986328,176.96700134277344,167.32500076293945,221783.33333333334
2020-10-16,185.6199951171875,182.9600067138672,183.97000122070312,184.7400054931641,160200.0,184.0727386474609,184.44000244140625,47.86038467393736,179.36550064086913,178.01475105285644,177.26420135498046,167.61340087890625,222213.33333333334
2020-10-19,185.9499969482422,180.7400054931641,184.1100006103516,181.6499938964844,150100.0,180.99388122558602,182.77999877929688,-46.56856927958422,179.8900001525879,178.0887508392334,177.4760012817383,167.85190078735351,220660.0
2020-10-20,185.6499938964844,182.00999450683602,183.00999450683602,182.2400054931641,135600.0,181.58177185058602,183.29999796549484,11.349691944725466,180.36050033569336,178.14950103759764,177.6866012573242,168.07700088500977,220455.0
2020-10-21,184.9499969482422,181.9600067138672,183.2400054931641,183.17999267578125,129500.0,182.5183563232422,183.36333211263025,23.001768031914768,180.95599975585938,178.28725090026856,177.92200103759765,168.29580078125,219765.0
2020-10-22,185.05999755859366,182.22999572753903,182.8800048828125,184.1499938964844,220100.0,183.4848480224609,183.81332906087243,38.87582684197612,181.53899917602538,178.52875061035155,178.14560089111328,168.47710067749023,220291.66666666666
2020-10-23,185.55999755859366,182.0399932861328,184.94000244140625,182.33999633789062,201600.0,181.681396484375,183.31332906087243,-0.20301801581835024,181.97249908447264,178.67425041198732,178.34800079345703,168.61090057373048,221163.33333333334
2020-10-26,182.47999572753903,179.3699951171875,181.25,181.42999267578125,160000.0,180.7746734619141,181.0933278401693,-166.66666666668303,182.25299835205078,178.76775016784669,178.47880065917968,168.74110046386718,219643.33333333334
2020-10-27,182.47999572753903,180.10000610351562,180.8500061035156,180.47999572753903,133500.0,179.82810974121094,181.01999918619788,-85.4203283535078,182.41149826049804,178.83349990844727,178.55460052490236,168.85410049438477,216768.33333333334
2020-10-28,179.7100067138672,172.14999389648438,178.1999969482422,172.64999389648438,207600.0,172.02639770507812,174.83666483561194,-166.66666666667103,182.16149826049804,178.74374961853027,178.46760040283203,168.88550048828125,214480.0
2020-10-29,173.9499969482422,168.0399932861328,171.35000610351562,170.72000122070312,234700.0,170.10336303710938,170.90333048502603,-113.8906272488527,181.6874984741211,178.47524948120116,178.3300003051758,168.97940048217774,213273.33333333334
2020-10-30,172.30999755859375,165.3800048828125,170.10000610351562,168.57000732421875,259200.0,168.2765655517578,168.75333658854166,-95.4317830868753,181.06349868774413,178.24324951171874,178.16000030517577,169.10110061645508,214843.33333333334
2020-11-02,169.8699951171875,165.82000732421875,169.8699951171875,167.8300018310547,232400.0,167.537841796875,167.84000142415366,-76.5654305654992,180.26449890136718,178.03774948120116,177.94280029296874,169.29300064086914,215633.33333333334
2020-11-03,175.50999450683594,169.3300018310547,169.57000732421875,174.60000610351562,164400.0,174.2960662841797,173.14666748046875,59.015419396056096,179.86199951171875,178.04949951171875,177.83860046386718,169.52620071411133,215511.66666666666
2020-11-04,176.7899932861328,171.5,174.80999755859375,172.3800048828125,156300.0,172.07992553710938,173.55666605631507,89.01270360149061,179.43149948120117,178.10249977111818,177.73280059814454,169.70680068969727,214666.66666666666
2020-11-05,177.25999450683594,170.14999389648438,170.14999389648438,176.97999572753906,137200.0,176.67190551757812,174.79666137695312,79.72097902315038,179.1419990539551,178.09999961853026,177.78260040283203,169.9265007019043,213425.0
2020-11-06,179.2899932861328,174.74000549316406,178.0,177.19000244140625,92900.0,176.8815460205078,177.07333374023438,113.24898811078505,178.83599929809571,178.05474967956542,177.79600036621093,170.15910079956055,212738.33333333334
2020-11-09,191.8300018310547,182.0,187.8699951171875,190.3600006103516,340100.0,190.02862548828125,188.06333414713538,166.66666666666313,179.10599899291992,178.40724983215333,178.04940032958984,170.52200073242187,216110.0
2020-11-10,196.5800018310547,188.66000366210938,191.97000122070312,193.6999969482422,199700.0,193.36280822753903,192.98000081380212,105.53407847082737,179.5639991760254,178.83974990844726,178.36640014648438,170.90200073242187,215811.66666666666
2020-11-11,194.5200042724609,191.02999877929688,193.1300048828125,192.69000244140625,225100.0,192.3545684814453,192.74666849772132,68.99593161730779,180.05849914550782,179.27024993896484,178.69540008544922,171.30630081176758,215515.0
2020-11-12,193.6300048828125,187.82000732421875,193.44000244140625,189.1300048828125,152500.0,188.8007659912109,190.19333902994788,29.26935032851655,180.3504997253418,179.5747501373291,178.84880004882814,171.67290084838868,215208.33333333334
2020-11-13,192.4900054931641,188.2899932861328,188.2899932861328,191.0200042724609,117600.0,190.68746948242188,190.60000101725257,-13.555984578526378,180.66449966430665,180.0150001525879,179.11220001220704,172.0908009338379,213445.0
2020-11-16,194.5800018310547,190.47000122070312,194.5800018310547,191.3999938964844,202200.0,191.0668029785156,192.14999898274743,25.922098687050124,181.15199966430663,180.52099990844727,179.41919982910156,172.53860092163086,213755.0
2020-11-17,192.3000030517578,187.1199951171875,190.27999877929688,190.42999267578125,237700.0,190.09849548339844,189.9499969482422,-74.35018824703207,181.5614990234375,180.96099967956542,179.74519958496094,173.0169007873535,216063.33333333334
2020-11-18,190.72000122070312,183.4199981689453,190.72000122070312,183.58999633789062,163600.0,183.27040100097656,185.90999857584637,-166.66666666667655,181.58199920654297,181.26899948120118,180.01179962158204,173.36890075683593,215630.0
2020-11-19,185.22999572753903,181.25,182.72999572753903,182.1300048828125,159200.0,181.81295776367188,182.87000020345056,-115.76206010420276,181.4809997558594,181.50999946594237,180.11279968261718,173.69500076293946,214776.66666666666
2020-11-20,185.4900054931641,178.66000366210938,183.6699981689453,179.0,242500.0,178.6884002685547,181.0500030517578,-95.34016431194786,181.31399993896486,181.64324951171875,180.11279968261718,173.9849008178711,216630.0
2020-11-23,181.72000122070312,177.49000549316406,180.02999877929688,181.25,292400.0,180.9344787597656,180.15333557128903,-81.00874201461163,181.30500030517578,181.77899932861328,180.21259979248046,174.30020080566408,218803.33333333334
2020-11-24,185.00999450683602,182.00999450683602,182.94000244140625,182.7700042724609,149400.0,182.45184326171875,183.26333109537757,24.987712806885728,181.41950073242188,181.91549949645997,180.34,174.61860092163087,218215.0
2020-11-25,185.0,180.92999267578125,183.91000366210938,181.0399932861328,198600.0,180.72483825683602,182.32332865397132,24.513267388895034,181.8390007019043,182.00024948120117,180.4513998413086,174.92930084228516,217830.0
2020-11-27,183.1199951171875,179.14999389648438,180.75,181.1199951171875,86100.0,180.80470275878903,181.1299947102865,-31.284777102713807,182.3590003967285,182.02324943542482,180.5347998046875,175.2447007751465,215316.66666666666
2020-11-30,182.5,177.8000030517578,181.1199951171875,181.67999267578125,286100.0,181.3637237548828,180.65999857584637,-54.76436567711738,183.01449966430664,182.03899917602538,180.70019958496093,175.54690063476562,215856.66666666666
2020-12-01,187.6199951171875,183.1199951171875,184.00999450683602,185.9900054931641,211100.0,185.66622924804688,185.57666524251306,136.02403702588174,183.9224998474121,182.09349937438964,180.99679962158203,175.86410064697264,215055.0
2020-12-02,186.2700042724609,182.6300048828125,185.6199951171875,184.1000061035156,221600.0,183.77952575683602,184.33333841959637,59.24162526149485,184.39749984741212,182.12974967956544,181.22219970703125,176.16820068359374,214151.66666666666
2020-12-03,186.66000366210938,178.9600067138672,182.5399932861328,185.94000244140625,284100.0,185.61631774902344,183.8533376057943,27.932506692579413,185.07549972534179,182.25349960327148,181.51559967041015,176.46820068359375,208303.33333333334
2020-12-04,191.6300048828125,185.0,185.2899932861328,191.55999755859366,289700.0,191.22653198242188,189.39666748046875,141.79324887813806,185.80449981689452,182.4732494354248,181.89699951171875,176.8074006652832,205543.33333333334
2020-12-07,194.67999267578125,187.2700042724609,192.67999267578125,187.82000732421875,321800.0,187.4930419921875,189.92333475748694,90.54400468403507,186.33600006103515,182.58599967956542,182.17999969482423,177.10270080566406,206220.0
2020-12-08,187.17999267578125,180.2400054931641,185.0,181.5,558300.0,181.1840362548828,182.97333272298175,-73.01417927066281,185.89300003051758,182.49949951171874,182.29359954833984,177.2988008117676,210558.33333333334
2020-12-09,183.77999877929688,176.88999938964844,182.92999267578125,178.55999755859375,348500.0,178.24916076660156,179.7433319091797,-101.04619802615271,185.13600006103516,182.34999961853026,182.31859954833985,177.4849008178711,212881.66666666666
2020-12-10,179.7100067138672,175.3699951171875,178.77000427246094,178.72000122070312,315400.0,178.4088897705078,177.93333435058594,-89.13791266297504,184.4375,182.2479995727539,182.33999969482423,177.63190078735352,213966.66666666666
2020-12-11,179.0,174.25999450683594,178.1300048828125,175.38999938964844,281200.0,175.0846710205078,176.2166646321615,-84.16826505398876,183.7504997253418,182.0504997253418,182.24379974365235,177.74010070800782,213928.33333333334
2020-12-14,178.6300048828125,172.5800018310547,177.7100067138672,173.0399932861328,273100.0,172.73876953125,174.75,-98.11458544912712,182.85149917602538,181.75799942016602,182.08359954833983,177.81350067138672,210793.33333333334
2020-12-15,176.72000122070312,173.8300018310547,174.5,176.2100067138672,432700.0,175.90325927734375,175.586669921875,-52.674020092159935,182.09199981689454,181.6219997406006,181.93159973144532,177.93890075683595,211803.33333333334
2020-12-16,178.3000030517578,174.3000030517578,177.0,176.86000061035156,247800.0,176.5521240234375,176.48666890462243,23.70912237366656,181.41350021362305,181.48749961853028,181.81579986572265,178.06590072631835,212258.33333333334
2020-12-17,182.8500061035156,177.00999450683594,177.25,181.22000122070312,317400.0,180.90452575683602,180.3600006103516,166.66666666664992,181.29500045776368,181.43849983215333,181.82039978027345,178.24930068969726,211546.66666666666
2020-12-18,183.2899932861328,180.3500061035156,181.22000122070312,181.3500061035156,680900.0,181.0343170166016,181.66333516438806,100.08226287537151,181.25600051879883,181.3685001373291,181.79199981689453,178.44370071411132,219461.66666666666
2020-12-21,180.88999938964844,177.49000549316406,180.22000122070312,178.72999572753906,241100.0,178.41885375976562,179.0366668701172,13.191723068886285,181.24250030517578,181.27825012207032,181.70039978027344,178.62330062866212,220455.0
2020-12-22,178.41000366210938,176.0500030517578,177.8699951171875,177.63999938964844,180500.0,177.3307647705078,177.36666870117188,-65.49934908510035,181.0620002746582,181.183500289917,181.55399963378906,178.80780059814452,220723.33333333334
2020-12-23,179.30999755859375,176.36000061035156,179.2100067138672,177.3000030517578,234000.0,176.99136352539062,177.65666707356775,-72.42341845575078,180.78850021362305,181.10400047302247,181.40919982910157,178.9331005859375,220916.66666666666
2020-12-24,178.8800048828125,176.6999969482422,178.10000610351562,177.72000122070312,75900.0,177.41062927246094,177.7666676839193,-46.98009789108468,180.62250061035155,181.23075065612792,181.30759979248046,178.9974006652832,217975.0
2020-12-28,180.3800048828125,174.72000122070312,177.4600067138672,180.2899932861328,225000.0,179.97613525390625,178.4633331298828,48.81175858941074,180.58100051879882,181.47000045776366,181.24759979248046,179.10730056762696,218700.0
2020-12-29,181.6000061035156,177.52999877929688,181.6000061035156,178.75,170700.0,178.43882751464844,179.2933349609375,128.30527289339315,180.43450088500975,181.7245002746582,181.1277996826172,179.19600051879883,218565.0
2020-12-30,180.25,177.88999938964844,179.00999450683594,178.8699951171875,146800.0,178.55860900878906,179.00333150227868,65.1339114605752,180.07850036621093,182.00050010681153,181.07219970703125,179.27410049438475,218300.0
2020-12-31,180.0,177.50999450683594,178.33999633789062,178.6199951171875,192400.0,178.30905151367188,178.70999654134118,9.809626271999313,179.80449981689452,182.10099983215332,180.9997994995117,179.34320037841798,218271.66666666666
2021-01-04,180.80999755859366,176.67999267578125,180.4900054931641,177.44000244140625,267400.0,177.13111877441406,178.30999755859375,-94.73234106128996,179.37949981689454,182.22749977111818,180.88499969482422,179.40350036621095,219408.33333333334
2021-01-05,180.7100067138672,175.02000427246094,176.11000061035156,177.82000732421875,378000.0,177.5104522705078,177.85000610351562,-117.9713587292274,178.69250030517577,182.24850006103514,180.7583999633789,179.4520004272461,223280.0
2021-01-06,184.6699981689453,175.49000549316406,178.5800018310547,183.7899932861328,384400.0,183.4700469970703,181.3166656494141,166.666666666649,178.4909996032715,182.41349983215332,180.78739990234374,179.5677003479004,227780.0
2021-01-07,186.75999450683602,183.4499969482422,183.9900054931641,184.9600067138672,328200.0,184.63803100585938,185.05666605631507,136.37396585358448,178.66399993896485,182.27849998474122,180.85800018310547,179.66840042114256,231043.33333333334
2021-01-08,185.5800018310547,183.2400054931641,184.7899932861328,184.94000244140625,256000.0,184.61805725097656,184.586669921875,77.56962174382876,178.98300018310547,182.05950012207032,180.94720031738282,179.75090042114257,233165.0
2021-01-11,185.1000061035156,180.69000244140625,182.5399932861328,181.9900054931641,241400.0,181.67318725585938,182.5933380126953,9.659814353902627,179.14650039672853,181.79200019836426,181.1340005493164,179.80080047607422,234608.33333333334
2021-01-12,186.5200042724609,182.52999877929688,182.9499969482422,185.55999755859366,236600.0,185.23696899414062,184.87000020345056,57.10794937376807,179.65500030517578,181.7027500152588,181.4308004760742,179.880400390625,236168.33333333334
2021-01-13,185.5800018310547,180.5,185.5800018310547,184.0500030517578,350200.0,183.72959899902344,183.37666829427087,-53.973092950324535,180.20550079345702,181.52849998474122,181.740400390625,179.9502003479004,239335.0
2021-01-14,188.0,184.58999633789062,185.69000244140625,186.7899932861328,300800.0,186.4648284912109,186.45999654134118,124.65075274236773,180.7345001220703,181.41324996948242,182.11960021972655,180.03120025634766,241846.66666666666
2021-01-15,188.27999877929688,185.22000122070312,186.30999755859366,186.72999572753903,218500.0,186.40493774414062,186.7433319091797,88.40558933851341,181.22799987792968,181.32075004577638,182.36220001220704,180.1004002380371,243228.33333333334
2021-01-19,191.75999450683602,186.47999572753903,188.22999572753903,189.2899932861328,300600.0,188.9604797363281,189.17666117350257,127.01188600081802,181.63149948120116,181.46324996948243,182.70039978027344,180.21660018920898,246080.0
2021-01-20,195.6100006103516,188.5399932861328,190.3500061035156,194.97000122070312,357200.0,194.63059997558602,193.03999837239587,131.39916034857143,182.31249923706054,181.78424987792968,183.06019989013672,180.4214001464844,248365.0
2021-01-21,199.0800018310547,195.1199951171875,195.2700042724609,196.17999267578125,268700.0,195.83848571777344,196.79332987467444,118.28836091347642,183.18499908447265,182.21374969482423,183.43999969482422,180.61800003051758,249483.33333333334
2021-01-22,199.4600067138672,195.97000122070312,196.0399932861328,197.41000366210938,245600.0,197.06634521484366,197.6133371988932,87.3409401352802,184.1734992980957,182.61774978637695,183.58099975585938,180.8152000427246,250910.0
2021-01-25,201.0,195.58999633789062,197.22000122070312,199.0500030517578,190700.0,198.7034912109375,198.54666646321618,74.56622864019803,185.2609992980957,183.02474975585938,183.68799987792968,181.02720001220703,251863.33333333334
2021-01-26,204.7700042724609,195.30999755859366,200.6100006103516,203.47999572753903,196400.0,203.1257781982422,201.18666585286454,124.06268790404606,186.5489990234375,183.58574981689452,183.90379974365234,181.29959991455078,251676.66666666666
2021-01-27,209.9199981689453,203.25,203.5800018310547,207.2400054931641,478000.0,206.87924194335938,206.8033345540365,144.817138625895,187.89649963378906,184.23875007629394,184.26599975585938,181.55739990234375,255731.66666666666
2021-01-28,209.63999938964844,195.0,207.5500030517578,195.30999755859366,356700.0,194.97000122070312,199.9833323160807,-22.18135374132163,188.72449951171876,184.57950019836426,184.35179962158202,181.73199981689453,257356.66666666666
2021-01-29,195.67999267578125,187.00999450683602,194.82000732421875,187.47999572753903,362300.0,187.47999572753903,190.05666097005212,-153.89049960031508,189.15499954223634,184.61674995422362,184.27339965820312,181.84629974365234,259521.66666666666
2021-02-01,188.4199981689453,183.5399932861328,188.27999877929688,185.2100067138672,323800.0,185.2100067138672,185.72333272298175,-103.71050294735291,189.4845001220703,184.6444999694824,184.16899993896484,181.9570997619629,262178.3333333333
2021-02-02,192.52999877929688,184.9199981689453,186.1199951171875,188.50999450683602,274500.0,188.50999450683602,188.653330485026,-50.920527619999504,190.0379997253418,184.70874977111816,184.26739990234375,182.1395997619629,264148.3333333333
2021-02-03,189.05999755859366,184.9199981689453,187.8500061035156,186.05999755859366,173500.0,186.05999755859366,186.6799977620443,-60.414661993114244,190.44999923706055,184.57124977111818,184.34599975585937,182.22939971923827,264753.3333333333
2021-02-04,190.3300018310547,186.1000061035156,187.3000030517578,190.00999450683602,241700.0,190.00999450683602,188.81333414713538,38.68450994202103,190.7609992980957,184.6259994506836,184.5661996459961,182.33949966430663,267233.3333333333
2021-02-05,194.77999877929688,190.69000244140625,190.69000244140625,194.0200042724609,198100.0,194.0200042724609,193.16333516438806,157.88868905720958,191.2139991760254,184.93899955749512,184.8215997314453,182.5170997619629,264866.6666666667
2021-02-08,203.02999877929688,197.0,201.16000366210938,202.72999572753903,313100.0,202.72999572753903,200.9199981689453,143.23218562346315,192.10349884033204,185.54324951171876,185.22079956054688,182.78039978027343,266756.6666666667
2021-02-09,207.77999877929688,202.5200042724609,203.52999877929688,205.0,355500.0,205.0,205.10000101725257,104.90286673419115,193.25399856567384,186.20024948120118,185.6999996948242,183.0756997680664,268930.0
2021-02-10,207.9600067138672,204.6100006103516,205.5200042724609,207.8500061035156,227400.0,207.8500061035156,206.8066711425781,82.01282847541623,194.3684989929199,187.01174964904786,186.23459991455078,183.38469985961913,270178.3333333333
2021-02-11,211.55999755859366,207.3800048828125,207.69000244140625,211.17999267578125,300300.0,211.17999267578125,210.03999837239587,92.3862642916867,195.7249984741211,187.96524963378906,186.8245999145508,183.76239974975587,273223.3333333333
2021-02-12,212.6100006103516,208.69000244140625,211.6999969482422,209.1999969482422,293700.0,209.1999969482422,210.16666666666663,82.48375318798514,196.84549865722656,188.78999938964844,187.28879974365233,184.14279968261718,274748.3333333333
2021-02-16,213.6199951171875,208.0,208.8600006103516,213.00999450683602,227400.0,213.00999450683602,211.54332987467444,84.35322647532003,198.1594985961914,189.69374923706056,187.86699951171875,184.544599609375,274576.6666666667
2021-02-17,213.07000732421875,208.8500061035156,213.07000732421875,209.5200042724609,247800.0,209.5200042724609,210.48000590006507,37.36237919404565,199.1709991455078,190.4012493133545,188.33859954833986,184.927099609375,275980.0
2021-02-18,210.08999633789062,206.02999877929688,208.9900054931641,208.3500061035156,188500.0,208.3500061035156,208.1566670735677,-163.48866424148082,199.83999938964843,191.07624931335448,188.6743997192383,185.2856996154785,276468.3333333333
2021-02-19,210.9499969482422,208.08999633789062,208.5,208.91000366210938,162700.0,208.91000366210938,209.3166656494141,-42.920919569764116,200.47649993896485,191.83074951171875,189.09619964599608,185.63809967041016,275138.3333333333
2021-02-22,209.88999938964844,204.7899932861328,208.92999267578125,205.5399932861328,219600.0,205.5399932861328,206.73999532063806,-116.14486101754109,200.88299942016602,192.52824935913085,189.57699951171875,185.93529953002928,273925.0
2021-02-23,206.58999633789062,202.3300018310547,204.91000366210938,204.1199951171875,167800.0,204.1199951171875,204.3466644287109,-127.3671790204927,201.1364990234375,193.1987491607666,190.08819946289063,186.20339950561524,274231.6666666667
2021-02-24,207.5800018310547,202.92999267578125,204.3800048828125,206.3699951171875,199300.0,206.3699951171875,205.6266632080078,-53.11805554626008,201.28099899291993,193.9149990081787,190.64119934082032,186.49059951782226,274243.3333333333
2021-02-25,209.3999938964844,203.00999450683602,207.7100067138672,203.9600067138672,163600.0,203.9600067138672,205.4566650390625,-40.471105751584744,201.11699905395508,194.50674934387206,191.2125994873047,186.7281996154785,275535.0
2021-02-26,207.77999877929688,201.16000366210938,204.77999877929688,201.9600067138672,210600.0,201.9600067138672,203.63333638509118,-108.72233470338709,201.44949951171876,195.08699951171874,191.7909997558594,186.9372996520996,274276.6666666667
2021-03-01,205.6000061035156,202.72999572753903,203.6499938964844,203.0200042724609,172200.0,203.0200042724609,203.7833353678385,-67.36366231256162,202.22649993896485,195.69074974060058,192.32719970703124,187.12939971923828,273628.3333333333
2021-03-02,203.3500061035156,197.83999633789062,201.94000244140625,199.66000366210938,213200.0,199.66000366210938,200.2833353678385,-160.951614072572,202.94899978637696,196.21674995422364,192.7831997680664,187.29949981689452,273488.3333333333
2021-03-03,202.5399932861328,198.25999450683602,200.2899932861328,199.6000061035156,184000.0,199.6000061035156,200.1333312988281,-85.88476935613619,203.50350036621094,196.77075004577637,193.15079986572266,187.48559982299804,271820.0
2021-03-04,200.5399932861328,194.94000244140625,199.08999633789062,197.47999572753903,236800.0,197.47999572753903,197.653330485026,-109.91958801887178,204.0745002746582,197.2622497558594,193.47339965820314,187.63269973754882,270938.3333333333
2021-03-05,204.7100067138672,197.0,199.97000122070312,203.6199951171875,324800.0,203.6199951171875,201.77666727701825,42.62685087807935,204.75500030517577,197.75799980163575,193.97119964599608,187.83579971313478,270988.3333333333
2021-03-08,207.63999938964844,201.0200042724609,204.57000732421875,202.2100067138672,316300.0,202.2100067138672,203.6233367919922,121.6905090315297,205.16450042724608,198.18924980163575,194.46259979248046,188.00829971313476,266955.0
2021-03-09,203.3999938964844,196.44000244140625,201.5,197.3500061035156,350500.0,197.3500061035156,199.06333414713538,-51.35794811142636,204.89550094604493,198.49949989318847,194.86359985351564,188.1363998413086,266988.3333333333
2021-03-10,205.22000122070312,197.5800018310547,198.38999938964844,204.4600067138672,266500.0,204.4600067138672,202.42000325520837,49.45297608334008,204.86850128173828,199.06124992370604,195.3983999633789,188.35299987792968,266173.3333333333
2021-03-11,205.3999938964844,202.08999633789062,204.6000061035156,202.77999877929688,201500.0,202.77999877929688,203.423329671224,69.15085757338811,204.61500091552733,199.49174995422362,195.8482000732422,188.54789993286133,264845.0
2021-03-12,206.6000061035156,200.2700042724609,203.8500061035156,206.30999755859366,185200.0,206.30999755859366,204.39333597819007,81.7810059784039,204.37150115966796,200.04824981689453,196.39940002441406,188.76359985351561,263380.0
2021-03-15,209.6100006103516,206.32000732421875,207.7100067138672,208.3600006103516,204000.0,208.3600006103516,208.096669514974,139.12656340277186,204.32950134277343,200.5875,196.98920013427735,189.03069992065429,259568.33333333334
2021-03-16,210.69000244140625,206.8699951171875,208.8999938964844,207.38999938964844,148400.0,207.38999938964844,208.3166656494141,86.51983574730255,204.04850158691406,201.10400009155273,197.56460021972657,189.28219985961914,257911.66666666666
2021-03-17,207.66000366210938,203.5,207.5500030517578,206.94000244140625,109800.0,206.94000244140625,206.0333353678385,-0.7479056555854099,203.91950149536132,201.54525032043458,198.15460021972658,189.51979995727538,254451.66666666666
2021-03-18,207.8600006103516,204.3300018310547,207.44000244140625,204.97000122070312,188900.0,204.97000122070312,205.72000122070312,-38.945742539158026,203.7505012512207,201.79525032043458,198.69760009765625,189.7280000305176,246251.66666666666
2021-03-19,209.3600006103516,204.8999938964844,204.97999572753903,207.94000244140625,318900.0,207.94000244140625,207.39999898274743,19.317050151949985,203.70200119018554,202.0892505645752,199.18060028076172,189.98400009155273,247548.33333333334
2021-03-22,211.4600067138672,206.63999938964844,210.22999572753903,207.3500061035156,308600.0,207.3500061035156,208.48333740234372,81.98060871058789,203.7925018310547,202.33775062561034,199.62840026855469,190.24320022583007,249683.33333333334
2021-03-23,210.58999633789062,204.07000732421875,206.1300048828125,209.6000061035156,293800.0,209.6000061035156,208.086669921875,61.90859169109228,204.0665023803711,202.60150070190429,200.12160034179686,190.53440032958986,250680.0
2021-03-24,211.72000122070312,205.80999755859366,210.4499969482422,206.08999633789062,196900.0,206.08999633789062,207.87333170572919,31.548587371227452,204.05250244140626,202.6667507171631,200.6036001586914,190.8688003540039,252696.66666666666
2021-03-25,213.1499938964844,205.13999938964844,205.8999938964844,211.92999267578125,196400.0,211.92999267578125,210.07332865397132,157.35529766202552,204.45100173950195,202.78400039672852,201.13100006103517,191.2809002685547,252220.0
2021-03-26,217.22000122070312,209.27999877929688,211.9499969482422,216.91000366210938,144700.0,216.91000366210938,214.47000122070312,157.37139804657448,205.19850158691406,203.3240005493164,201.7882000732422,191.7643002319336,251786.66666666666
2021-03-29,221.2899932861328,213.9199981689453,217.1499938964844,215.1699981689453,192100.0,215.1699981689453,216.79332987467444,106.5350658566803,205.80600128173828,204.01625061035156,202.35580017089845,192.2377001953125,252541.66666666666
2021-03-30,218.8699951171875,213.97000122070312,215.97999572753903,217.22999572753903,198500.0,217.22999572753903,216.6899973551432,69.5324649206074,206.68450088500975,204.81675033569337,202.96580017089843,192.66400009155274,252643.33333333334
2021-03-31,218.6999969482422,215.58999633789062,216.3699951171875,216.19000244140625,201000.0,216.19000244140625,216.82666524251306,57.305208561627424,207.5140007019043,205.5087505340576,203.5038003540039,193.10210006713868,251536.66666666666
2021-04-01,217.4499969482422,213.00999450683602,216.0399932861328,216.6999969482422,134400.0,216.6999969482422,215.71999613444007,-31.50929521553341,208.47500076293946,206.27475051879884,203.9384002685547,193.49930007934572,247476.66666666666
2021-04-05,220.7100067138672,217.08999633789062,218.0,219.7700042724609,150300.0,219.7700042724609,219.19000244140625,166.66666666665563,209.28250122070312,207.01875076293945,204.4102005004883,193.92510009765624,243575.0
2021-04-06,220.5800018310547,217.17999267578125,218.30999755859366,219.0,168000.0,219.0,218.9199981689453,76.23842133348933,210.12200088500975,207.64325065612792,204.8420004272461,194.21150009155272,240905.0
2021-04-07,218.9600067138672,214.0500030517578,217.38999938964844,215.47999572753903,176800.0,215.47999572753903,216.16333516438806,-59.169310308911406,211.02850036621095,207.96200065612794,205.17060028076173,194.4293000793457,239585.0
2021-04-08,217.4199981689453,214.4900054931641,216.2400054931641,217.1100006103516,126100.0,217.1100006103516,216.34000142415368,-43.181038414699714,211.66100006103517,208.2647506713867,205.44320037841797,194.67350006103516,237663.33333333334
2021-04-09,220.00999450683602,215.8800048828125,217.6300048828125,219.6100006103516,96600.0,219.6100006103516,218.5,35.92896926763977,212.50250015258788,208.55875053405762,205.6906002807617,194.97830001831053,235330.0
2021-04-12,220.52999877929688,217.69000244140625,220.52999877929688,218.6699981689453,183300.0,218.6699981689453,218.9633331298828,64.78045815302544,213.12050018310546,208.74600067138672,206.15780029296874,195.2547999572754,232548.33333333334
2021-04-13,219.2400054931641,216.8300018310547,219.2400054931641,217.3600006103516,134300.0,217.3600006103516,217.8100026448568,16.27897389318926,213.57050018310548,208.95000076293945,206.755400390625,195.51440002441407,229773.33333333334
2021-04-14,219.0399932861328,217.25,217.91000366210938,217.50999450683602,150500.0,217.50999450683602,217.93332926432288,2.3967270638923024,214.07649993896484,209.06250076293946,207.40140014648438,195.7852000427246,228640.0
2021-04-15,220.8999938964844,217.3800048828125,218.1999969482422,220.38999938964844,208800.0,220.38999938964844,219.55666605631507,118.28461115495638,214.74899978637694,209.33425064086913,208.03900024414062,196.15320007324217,227110.0
2021-04-16,224.32000732421875,221.42999267578125,221.55999755859366,223.32000732421875,140100.0,223.32000732421875,223.02333577473962,162.14990444064784,215.66650009155273,209.70850067138673,208.78420043945312,196.56510009765626,223491.66666666666
2021-04-19,224.67999267578125,221.9199981689453,224.1999969482422,224.27999877929688,139400.0,224.27999877929688,223.6266632080078,91.89845843777664,216.48349990844727,210.0927505493164,209.46960052490235,197.0179000854492,221336.66666666666
