Date,High,Low,Open,Close,Volume,Adj Close,TP,CCI,20SMA,40SMA,50SMA,100SMA,60VMA
2018-01-02,39.36000061035156,38.310001373291016,39.349998474121094,38.43999862670898,471500,38.43999862670898,38.70333353678385,,,,,,
2018-01-03,38.97999954223633,37.0,38.47000122070313,37.0099983215332,525700,37.0099983215332,37.66333262125651,,,,,,
2018-01-04,37.61000061035156,35.470001220703125,37.0,35.709999084472656,517500,35.709999084472656,36.26333363850912,,,,,,
2018-01-05,35.970001220703125,34.790000915527344,35.689998626708984,35.0,577300,35.0,35.253334045410156,,,,,,
2018-01-08,35.7400016784668,32.880001068115234,34.759998321533196,34.689998626708984,652800,34.689998626708984,34.436667124430336,-98.26161286448193,,,,,
2018-01-09,36.09000015258789,33.889999389648445,34.61999893188477,34.09999847412109,356000,34.09999847412109,34.69333267211914,-62.030450487422506,,,,,
2018-01-10,34.61999893188477,33.5,33.970001220703125,34.25,329500,34.25,34.12333297729492,-86.0616124667973,,,,,
2018-01-11,35.73500061035156,34.450000762939446,34.540000915527344,35.58000183105469,600600,35.58000183105469,35.255001068115234,83.47174420674011,,,,,
2018-01-12,36.209999084472656,34.84000015258789,35.79999923706055,35.049999237060554,310800,35.049999237060554,35.36666615804037,92.0164617647303,,,,,
2018-01-16,35.34000015258789,31.5,34.990001678466804,32.529998779296875,581100,32.529998779296875,33.12333297729492,-130.20246450081905,,,,,
2018-01-17,36.11999893188477,32.529998779296875,32.529998779296875,35.7400016784668,426700,35.7400016784668,34.79666646321615,24.154127140507043,,,,,
2018-01-18,36.060001373291016,34.130001068115234,35.65999984741211,34.279998779296875,413000,34.279998779296875,34.82333374023437,16.168382062815382,,,,,
2018-01-19,35.880001068115234,33.577999114990234,33.950000762939446,35.080001831054695,180400,35.080001831054695,34.84600067138672,28.93094368197428,,,,,
2018-01-22,37.43000030517578,34.990001678466804,35.110000610351555,37.29999923706055,491900,37.29999923706055,36.573333740234375,165.3872006525501,,,,,
2018-01-23,37.900001525878906,34.139999389648445,37.29999923706055,35.61000061035156,328100,35.61000061035156,35.88333384195963,49.26128739261353,,,,,
2018-01-24,36.290000915527344,34.39500045776367,36.060001373291016,35.58000183105469,170100,35.58000183105469,35.4216677347819,-10.186680328158703,,,,,
2018-01-25,35.91999816894531,33.450000762939446,35.66999816894531,34.27000045776367,252800,34.27000045776367,34.54666646321615,-97.6935568012782,,,,,
2018-01-26,35.93000030517578,34.040000915527344,34.200000762939446,34.68000030517578,174100,34.68000030517578,34.883333841959626,-62.862313312032875,,,,,
2018-01-29,35.279998779296875,32.560001373291016,34.34000015258789,33.15999984741211,268300,33.15999984741211,33.666666666666664,-130.72665801717622,,,,,
2018-01-30,33.09000015258789,31.06999969482422,32.810001373291016,31.59000015258789,415500,31.59000015258789,31.91666666666667,-139.62513817558212,34.98249988555908,,,,
2018-01-31,33.150001525878906,31.29999923706055,31.739999771118164,32.43000030517578,249900,32.43000030517578,32.293333689371735,-71.76209238292695,34.68199996948242,,,,
2018-02-01,34.040000915527344,31.709999084472656,32.439998626708984,33.84999847412109,331300,33.84999847412109,33.199999491373696,0.6132644090821225,34.523999977111814,,,,
2018-02-02,33.799999237060554,30.70000076293945,33.380001068115234,30.979999542236328,474300,30.979999542236328,31.826666514078774,-73.69040876324642,34.2875,,,,
2018-02-05,32.5,30.399999618530273,30.82999992370605,31.03000068664551,457200,31.03000068664551,31.310000101725265,-104.51532891889757,34.08900003433227,,,,
2018-02-06,32.47999954223633,29.10000038146973,29.78000068664551,31.68000030517578,516300,31.68000030517578,31.08666674296061,-88.86583186522799,33.93850011825562,,,,
2018-02-07,31.899999618530273,29.6200008392334,31.78000068664551,29.790000915527344,295900,29.790000915527344,30.436667124430343,-100.5075480781692,33.72300024032593,,,,
2018-02-08,30.25,27.989999771118164,29.649999618530273,28.25,423600,28.25,28.82999992370605,-146.21167419703139,33.423000240325926,,,,
2018-02-09,29.790000915527344,27.10099983215332,28.59000015258789,29.38999938964844,409200,29.38999938964844,28.760333379109696,-85.5843006231316,33.113500118255615,,,,
2018-02-12,31.70000076293945,29.040000915527344,29.399999618530273,31.35000038146973,443500,31.35000038146973,30.69666735331218,52.46095703364048,32.928500175476074,,,,
2018-02-13,33.06999969482422,30.899999618530273,31.28000068664551,32.209999084472656,294300,32.209999084472656,32.059999465942376,116.48749193383749,32.91250019073486,,,,
2018-02-14,33.59999847412109,31.70000076293945,31.71999931335449,32.990001678466804,252900,32.990001678466804,32.763333638509124,97.67305126880359,32.775000190734865,,,,
2018-02-15,33.790000915527344,31.81999969482422,33.360000610351555,32.06999969482422,149700,32.06999969482422,32.560000101725265,60.5817335998639,32.66450023651123,,,,
2018-02-16,33.799999237060554,31.54999923706055,31.959999084472656,32.56999969482422,439400,32.56999969482422,32.639999389648445,53.9833974569024,32.53900012969971,,,,
2018-02-20,33.459999084472656,31.479999542236328,32.93000030517578,31.86000061035156,543700,31.86000061035156,32.26666641235352,-54.11008544441531,32.26700019836426,,,,
2018-02-21,34.299999237060554,31.959999084472656,31.959999084472656,32.61999893188477,387900,32.61999893188477,32.959999084472656,119.43606952263382,32.117500114440915,,,,
2018-02-22,33.990001678466804,31.63400077819824,32.689998626708984,32.72999954223633,250400,32.72999954223633,32.784667332967125,51.57954961126688,31.975,,,,
2018-02-23,33.72999954223633,32.200000762939446,33.040000915527344,32.97999954223633,263800,32.97999954223633,32.969999949137375,75.5823494663121,31.91049995422363,,,,
2018-02-26,33.740001678466804,32.235000610351555,33.34000015258789,32.84000015258789,289800,32.84000015258789,32.93833414713541,49.748895001162346,31.818499946594237,,,,
2018-02-27,33.290000915527344,31.959999084472656,32.61999893188477,32.209999084472656,302600,32.209999084472656,32.486666361490876,-147.9140343329611,31.770999908447266,,,,
2018-02-28,33.22499847412109,31.489999771118164,32.40999984741211,31.690000534057607,302500,31.690000534057607,32.13499959309896,-124.94867338068752,31.77599992752075,33.37924990653992,,,
2018-03-01,32.779998779296875,30.6200008392334,31.489999771118164,31.54999923706055,332200,31.54999923706055,31.649999618530273,-120.51515499971684,31.73199987411499,33.206999921798705,,,
2018-03-02,32.46500015258789,30.5,31.09000015258789,31.690000534057607,328300,31.690000534057607,31.551666895548507,-89.35824814111601,31.623999977111815,33.07399997711182,,,
2018-03-05,32.25,31.020000457763672,31.520000457763672,31.18000030517578,344500,31.18000030517578,31.483333587646484,-70.07783099151979,31.63400001525879,32.96075000762939,,,
2018-03-06,32.400001525878906,31.29999923706055,31.5,32.080001831054695,345100,32.080001831054695,31.926667531331375,52.496747307540076,31.686500072479248,32.88775005340576,,,
2018-03-07,33.40999984741211,31.729999542236328,31.81999969482422,31.899999618530273,339800,31.899999618530273,32.34666633605957,134.0578060929352,31.697500038146973,32.818000078201294,,,
2018-03-08,32.59000015258789,31.28000068664551,32.27000045776367,31.459999084472656,396800,31.459999084472656,31.77666664123535,-10.514480830355,31.78099994659424,32.75200009346008,,,
2018-03-09,31.96999931335449,28.60000038146973,31.57999992370605,28.690000534057607,573900,28.690000534057607,29.75333340962728,-166.66666666666669,31.80299997329712,32.613000106811526,,,
2018-03-12,30.25,27.75,28.690000534057607,29.82999992370605,517900,29.82999992370605,29.27666664123535,-96.56525485601573,31.825,32.46925005912781,,,
2018-03-13,30.149999618530273,28.649999618530273,29.90999984741211,29.46999931335449,632200,29.46999931335449,29.42333285013835,-58.84890816384143,31.73099994659424,32.329750061035156,,,
2018-03-14,31.09000015258789,29.670000076293945,29.670000076293945,29.96999931335449,401400,29.96999931335449,30.243333180745438,13.534835285818355,31.61899995803833,32.265750074386595,32.85979991912842,,
2018-03-15,30.6200008392334,29.709999084472656,30.239999771118164,29.82999992370605,570900,29.82999992370605,30.053333282470703,63.19444025004478,31.46099987030029,32.11800003051758,32.68759994506836,,
2018-03-16,31.6200008392334,29.82999992370605,29.82999992370605,31.040000915527344,1966700,31.040000915527344,30.83000055948893,117.10007342841864,31.40949993133545,32.03700008392334,32.568199996948245,,
2018-03-19,31.309999465942386,29.70000076293945,31.04999923706055,30.18000030517578,606100,30.18000030517578,30.396666844685868,38.309936020921775,31.289999961853027,31.914500045776368,32.4576000213623,,
2018-03-20,30.53499984741211,29.709999084472656,29.8799991607666,29.93000030517578,458900,29.93000030517578,30.058333079020187,-72.39058320209173,31.193499946594237,31.730250072479247,32.35620002746582,,
2018-03-21,30.440000534057607,29.70499992370605,30.059999465942386,29.8700008392334,496800,29.8700008392334,30.00500043233236,-63.7490951320647,31.05600004196167,31.586750078201295,32.259800071716306,,
2018-03-22,30.75,29.31999969482422,29.63999938964844,29.420000076293945,410500,29.420000076293945,29.82999992370605,-84.33220051906626,30.89050006866455,31.432750034332276,32.16620010375976,,
2018-03-23,30.26000022888184,29.07999992370605,29.57999992370605,29.46999931335449,334000,29.46999931335449,29.603333155314132,-119.38082709643551,30.715000057220458,31.312750005722044,32.07060009002686,,
2018-03-26,30.34000015258789,29.26000022888184,29.56999969482422,29.420000076293945,252800,29.420000076293945,29.673333485921226,-67.73459923768269,30.54400005340576,31.18125,31.94740005493164,,
2018-03-27,29.65999984741211,26.989999771118164,29.45000076293945,27.45000076293945,328600,27.45000076293945,28.033333460489914,-166.66666666666643,30.3060001373291,31.038500022888183,31.79540008544922,,
2018-03-28,27.940000534057607,26.6200008392334,27.420000076293945,27.729999542236328,555000,27.729999542236328,27.43000030517578,-104.59542918477514,30.108000087738038,30.942000007629396,31.699400100708008,,421905.0
2018-03-29,29.959999084472656,27.76000022888184,27.76000022888184,28.96999931335449,321700,28.96999931335449,28.896666208903,14.172491147940464,29.979000091552734,30.855499982833862,31.564000053405763,,419408.3333333333
2018-04-02,29.28000068664551,28.25,28.90999984741211,28.5,223800,28.5,28.676666895548507,13.848914894183526,29.819500064849855,30.721750020980835,31.448400077819823,,414376.6666666667
2018-04-03,30.15999984741211,28.78000068664551,28.78000068664551,29.18000030517578,369400,29.18000030517578,29.373333613077804,98.99307623580299,29.719500064849854,30.676750040054323,31.330400047302245,,411908.3333333333
2018-04-04,29.28000068664551,28.729999542236328,28.82999992370605,29.06999969482422,224100,29.06999969482422,29.02666664123535,45.961745384686935,29.56899995803833,30.62775001525879,31.16580005645752,,406021.6666666667
2018-04-05,30.045000076293945,29.03000068664551,29.290000915527344,29.82999992370605,392900,29.82999992370605,29.63500022888184,111.83730682184004,29.46549997329712,30.581500005722045,31.050200042724608,,401690.0
2018-04-06,30.29999923706055,29.01499938964844,29.899999618530273,29.35000038146973,278200,29.35000038146973,29.55499966939291,62.586364909849436,29.36000003814697,30.570499992370607,30.92560001373291,,400393.3333333333
2018-04-09,30.15999984741211,29.28000068664551,29.440000534057607,29.739999771118164,279400,29.739999771118164,29.72666676839193,83.33337357276635,29.4125,30.60774998664856,30.835,,399558.3333333333
2018-04-10,31.29999923706055,30.06999969482422,30.13999938964844,31.10000038146973,258800,31.10000038146973,30.823333104451493,166.66666666666612,29.476000022888183,30.65050001144409,30.76340000152588,,393861.6666666667
2018-04-11,31.76499938964844,30.920000076293945,30.989999771118164,31.13999938964844,353400,31.13999938964844,31.274999618530273,105.57415526640196,29.55950002670288,30.645249986648558,30.722999992370607,,394571.6666666667
2018-04-12,31.29999923706055,30.8799991607666,31.170000076293945,30.940000534057607,159300,30.940000534057607,31.039999643961593,54.95156801624794,29.608000087738038,30.613500022888182,30.71,,387541.6666666667
2018-04-13,31.6200008392334,30.76000022888184,31.0,31.520000457763672,301300,31.520000457763672,31.300000508626297,69.74321777466547,29.692500114440918,30.576749992370605,30.691800003051757,,385451.6666666667
2018-04-16,32.0,29.15999984741211,31.68000030517578,30.56999969482422,978900,30.56999969482422,30.576666514078774,-117.25337382758781,29.66900005340576,30.539249992370607,30.62620002746582,,394883.3333333333
2018-04-17,32.674999237060554,30.520000457763672,30.770000457763672,32.389999389648445,759200,32.389999389648445,31.86166636149089,134.83836844781771,29.779500007629395,30.53474998474121,30.654400024414063,,404530.0
2018-04-18,34.889999389648445,32.5,32.639999389648445,34.650001525878906,954000,34.650001525878906,34.013333638509124,159.36397916436582,30.01550006866455,30.604500007629394,30.72680004119873,,412231.6666666667
2018-04-19,36.16999816894531,34.36100006103516,34.759998321533196,34.90999984741211,346700,34.90999984741211,35.14699935913086,106.94625435583794,30.267500019073488,30.661750030517577,30.791400032043455,,412541.6666666667
2018-04-20,34.970001220703125,33.540000915527344,34.86999893188477,33.90999984741211,159800,33.90999984741211,34.140000661214195,42.87585124425039,30.492000007629393,30.691250038146972,30.87380001068115,,412370.0
2018-04-23,34.880001068115234,32.71099853515625,33.889999389648445,33.86999893188477,198900,33.86999893188477,33.82033284505209,2.055877382903486,30.71199998855591,30.713500022888184,30.98619998931885,,411471.6666666667
2018-04-24,33.810001373291016,31.149999618530273,33.810001373291016,32.540000915527344,385500,32.540000915527344,32.500000635782875,-155.34411986572297,30.868000030517578,30.70600004196167,31.049200019836427,,414995.0
2018-04-25,33.639999389648445,32.150001525878906,32.330001831054695,32.880001068115234,224000,32.880001068115234,32.890000661214195,-67.1555850738097,31.139500045776366,30.722750091552733,31.079800033569335,,414256.6666666667
2018-04-26,33.689998626708984,32.40999984741211,33.02000045776367,32.61999893188477,182100,32.61999893188477,32.906665802001946,-39.41983435620491,31.38400001525879,30.746000051498413,31.088000030517577,,410366.6666666667
2018-04-27,32.830001831054695,30.84000015258789,32.52000045776367,31.209999084472656,350600,31.209999084472656,31.626667022705078,-136.42484732095176,31.496000003814697,30.737500047683717,31.052399978637695,,412045.0
2018-04-30,32.049999237060554,31.059999465942386,31.06999969482422,31.45000076293945,268200,31.45000076293945,31.5199998219808,-89.54647381530117,31.64350004196167,30.73150005340576,31.04,,410993.3333333333
2018-05-01,31.25,30.270000457763672,31.1299991607666,30.86000061035156,480600,30.86000061035156,30.79333368937175,-101.12161880109934,31.72750005722046,30.723500061035157,31.00580001831055,,411098.3333333333
2018-05-02,32.09999847412109,30.6299991607666,31.020000457763672,31.34000015258789,953400,31.34000015258789,31.35666592915853,-37.38818719493161,31.841000080108643,30.705000019073488,30.995400009155272,,419368.3333333333
2018-05-03,35.38999938964844,32.110000610351555,32.150001525878906,35.29999923706055,850700,35.29999923706055,34.26666641235352,166.66666666666643,32.11450004577637,30.790000009536744,31.049000015258787,,424941.6666666667
2018-05-04,39.29999923706055,35.18000030517578,35.439998626708984,39.08000183105469,615800,39.08000183105469,37.85333379109701,134.83039233015415,32.60100011825561,30.980500078201295,31.176000061035158,,430273.3333333333
2018-05-07,41.22000122070313,38.98899841308594,39.29999923706055,40.209999084472656,729400,40.209999084472656,40.13966623942057,106.48616000381556,33.12450008392334,31.26850004196167,31.320600051879882,,435370.0
2018-05-08,42.810001373291016,39.810001373291016,40.11999893188477,42.02999877929688,833700,42.02999877929688,41.550000508626304,89.15919514678545,33.6710000038147,31.573500013351442,31.504400024414064,,442445.0
2018-05-09,43.5,41.650001525878906,42.41999816894531,42.959999084472656,824200,42.959999084472656,42.70333353678385,87.39729032759327,34.26199998855591,31.910750007629396,31.719400024414064,,448790.0
2018-05-10,43.45500183105469,41.88000106811523,43.08000183105469,42.650001525878906,929600,42.650001525878906,42.66166814168295,70.52824105019391,34.847500038146975,32.227750062942505,31.93860004425049,,459378.3333333333
2018-05-11,43.810001373291016,42.43000030517578,42.4900016784668,42.90999984741211,595100,42.90999984741211,43.05000050862631,72.91516879423101,35.4170000076294,32.55475006103516,32.16580005645752,,465081.6666666667
2018-05-14,44.59000015258789,43.13000106811523,43.13000106811523,43.90999984741211,802100,43.90999984741211,43.87666702270508,132.8936885985278,36.08400001525879,32.876500034332274,32.41020004272461,,475955.0
2018-05-15,44.58000183105469,42.7400016784668,44.02000045776367,44.310001373291016,671300,44.310001373291016,43.87666829427084,83.33341573130157,36.680000114440915,33.229750061035155,32.672800064086914,,479820.0
2018-05-16,44.849998474121094,42.97000122070313,44.06999969482422,43.22000122070313,317900,43.22000122070313,43.68000030517578,36.49309549612825,37.10850009918213,33.56200008392334,32.89560005187988,,476056.6666666667
2018-05-17,44.54999923706055,43.27999877929688,43.77999877929688,43.90999984741211,385200,43.90999984741211,43.9133326212565,61.97004896472056,37.558500099182126,33.91300005912781,33.13580005645752,,476011.6666666667
2018-05-18,44.290000915527344,43.29999923706055,43.7599983215332,43.86999893188477,385200,43.86999893188477,43.81999969482422,-13.333852130558373,38.05650005340576,34.27425003051758,33.384000053405764,,478258.3333333333
2018-05-21,44.43999862670898,43.400001525878906,44.09000015258789,44.38000106811523,258400,44.38000106811523,44.073333740234375,136.32226658872824,38.582000160217284,34.6470000743866,33.69780006408691,,478168.3333333333
2018-05-22,45.68000030517578,43.525001525878906,43.90999984741211,43.59000015258789,175300,43.59000015258789,44.2650006612142,119.82733858655735,39.134500122070314,35.00125007629394,33.973000068664554,,476260.0
2018-05-23,43.40999984741211,42.27999877929688,43.40999984741211,42.5099983215332,283000,42.5099983215332,42.73333231608073,-166.6666666666621,39.61599998474121,35.37775001525879,34.23380004882812,,475933.3333333333
2018-05-24,42.86000061035156,41.93999862670898,42.5099983215332,42.36999893188477,557100,42.36999893188477,42.38999938964844,-99.32311912392504,40.10349998474121,35.74375,34.48180004119873,33.67079998016357,480176.6666666667
2018-05-25,42.43000030517578,40.93999862670898,42.16999816894531,41.45000076293945,511700,41.45000076293945,41.606666564941406,-101.47116386549871,40.61550006866455,36.05575003623962,34.7142000579834,33.70090000152588,483168.3333333333
2018-05-29,43.40999984741211,41.43000030517578,41.43000030517578,43.18000030517578,257900,43.18000030517578,42.673333485921226,-6.56649590494304,41.202000045776366,36.422750043869016,34.95700004577637,33.7626000213623,481995.0
2018-05-30,44.959999084472656,43.2400016784668,43.45000076293945,43.66999816894531,214100,43.66999816894531,43.956666310628265,158.9147396561844,41.84249992370606,36.784999990463255,35.22680000305176,33.84220001220703,479821.6666666667
2018-05-31,44.584999084472656,43.599998474121094,43.599998474121094,44.060001373291016,239700,44.060001373291016,44.081666310628265,88.16705382061637,42.47849998474121,37.159750032424924,35.50940002441406,33.93280002593994,478065.0
2018-06-01,45.90499877929688,44.25500106811523,44.38999938964844,45.70000076293945,722900,45.70000076293945,45.28666687011719,106.54520342982242,42.99850006103516,37.55650005340576,35.82600002288818,34.04290004730225,484450.0
2018-06-04,47.11999893188477,44.7599983215332,46.34000015258789,45.52999877929688,349200,45.52999877929688,45.80333201090495,101.50529585412359,43.32099990844726,37.96100001335144,36.14819999694824,34.15720005035401,483656.6666666667
2018-06-05,48.11999893188477,45.54999923706055,45.54999923706055,47.349998474121094,536900,47.349998474121094,47.0066655476888,122.78642765507284,43.677999877929686,38.401249980926515,36.50579998016357,34.288200035095215,483040.0
2018-06-06,47.6500015258789,45.13000106811523,47.4900016784668,46.70000076293945,360900,46.70000076293945,46.4933344523112,60.22865989937871,43.911499977111816,38.79124999046326,36.851399993896486,34.399400024414064,480423.3333333333
2018-06-07,47.47999954223633,45.31499862670898,46.959999084472656,45.91999816894531,560000,45.91999816894531,46.23833211263022,9.756431683812151,44.05949993133545,39.160749959945676,37.220799942016605,34.50810001373291,479220.0
2018-06-08,46.56000137329102,43.709999084472656,46.34000015258789,44.13999938964844,378400,44.13999938964844,44.8033332824707,-137.75205934650992,44.133999824523926,39.49074993133545,37.54899993896484,34.62420001983642,478836.6666666667
2018-06-11,44.849998474121094,43.790000915527344,43.97999954223633,43.810001373291016,393200,43.810001373291016,44.15000025431314,-104.90972653636324,44.17899990081787,39.797999954223634,37.84579998016358,34.70490001678467,475875.0
2018-06-12,44.36999893188477,42.93999862670898,43.93000030517578,43.150001525878906,515500,43.150001525878906,43.486666361490876,-96.86236969435144,44.140999984741214,40.1125,38.13880001068115,34.79360004425049,451688.3333333333
2018-06-13,44.849998474121094,42.61999893188477,43.38000106811523,43.5,703600,43.5,43.65666580200195,-64.07827875292523,44.10049991607666,40.390250015258786,38.42520000457764,34.87780002593994,453313.3333333333
2018-06-14,44.400001525878906,43.05500030517578,43.810001373291016,43.97999954223633,439700,43.97999954223633,43.81166712443033,-28.61942266656884,44.13849983215332,40.623499965667726,38.72340000152588,34.9446000289917,452993.3333333333
2018-06-15,43.099998474121094,42.0099983215332,42.88999938964844,42.22999954223633,986700,42.22999954223633,42.44666544596354,-163.039042885175,44.054499816894534,40.80649995803833,38.97139999389648,35.01080001831055,461158.3333333333
2018-06-18,42.59000015258789,41.40999984741211,42.060001373291016,41.849998474121094,375800,41.849998474121094,41.949999491373696,-107.06545012484665,43.95349979400635,41.00499992370605,39.22139995574951,35.07349998474121,460580.0
2018-06-19,41.709999084472656,40.099998474121094,41.400001525878906,40.84000015258789,514400,40.84000015258789,40.88333257039388,-117.23181278664713,43.77649974822998,41.179249954223636,39.44339996337891,35.13919998168945,463586.6666666667
2018-06-20,41.45000076293945,40.04499816894531,41.060001373291016,41.11999893188477,304000,41.11999893188477,40.871665954589844,-82.19680284520355,43.65299968719482,41.39374990463257,39.643799934387204,35.20359996795654,464440.0
2018-06-21,41.40999984741211,40.77999877929688,40.93999862670898,41.08000183105469,358300,41.08000183105469,41.09000015258789,-39.81474354431396,43.581499862670896,41.59874992370605,39.84259998321533,35.28279998779297,464935.0
2018-06-22,42.38399887084961,40.38999938964844,42.099998474121094,41.83000183105469,2606500,41.83000183105469,41.53466669718424,47.00770635201906,43.55450000762939,41.8289999961853,40.06040000915527,35.385200004577634,499126.6666666667
2018-06-25,41.650001525878906,40.06999969482422,41.40999984741211,40.36999893188477,419800,40.36999893188477,40.6966667175293,-89.37369180260342,43.50049991607666,42.057999992370604,40.2373999786377,35.464599990844725,500761.6666666667
2018-06-26,42.5,40.47000122070313,40.70000076293945,41.650001525878906,604800,41.650001525878906,41.540000915527344,83.90215830772065,43.42399997711182,42.31300001144409,40.45900001525879,35.542600021362304,507111.6666666667
2018-06-27,41.70000076293945,37.4900016784668,41.70000076293945,37.61000061035156,836700,37.61000061035156,38.93333435058594,-161.16953976885372,43.121000099182126,42.48175001144409,40.56340003967285,35.60890003204346,514900.0
2018-06-28,38.43999862670898,36.38999938964844,37.5,38.349998474121094,729900,38.349998474121094,37.72666549682617,-111.96102572345184,42.835499954223636,42.65699996948242,40.637399978637696,35.682100009918216,523330.0
2018-06-29,38.83000183105469,38.150001525878906,38.400001525878906,38.349998474121094,426900,38.349998474121094,38.4433339436849,-51.740366490837815,42.46799983978271,42.73324995040893,40.706199951171875,35.74879999160767,523896.6666666667
2018-07-02,38.810001373291016,37.540000915527344,37.88999938964844,38.29999923706055,567700,38.29999923706055,38.21666717529297,-49.02213411932717,42.1064998626709,42.71374988555908,40.793999938964845,35.833899974823,528721.6666666666
2018-07-03,39.334999084472656,38.38000106811523,38.5,39.06999969482422,107800,39.06999969482422,38.9283332824707,82.90026570290358,41.69249992370605,42.68524990081787,40.897999954223636,35.94209997177124,525861.6666666666
2018-07-05,39.874000549316406,39.040000915527344,39.27000045776367,39.849998474121094,230600,39.849998474121094,39.58799997965495,123.89924985313566,41.349999809265135,42.63074989318848,41.04419990539551,36.04669996261597,525391.6666666666
2018-07-06,40.0,38.290000915527344,39.540000915527344,38.310001373291016,353000,38.310001373291016,38.86666742960612,10.110581454192179,40.96949996948242,42.51449995040893,41.152799911499024,36.11629997253418,525385.0
2018-07-09,39.209999084472656,38.20500183105469,38.40999984741211,39.060001373291016,329900,39.060001373291016,38.82500076293945,-13.381493217606096,40.715500068664554,42.42474994659424,41.28159996032715,36.18479999542237,528228.3333333334
2018-07-10,39.70500183105469,38.2400016784668,39.5,39.04999923706055,380500,39.04999923706055,38.99833424886068,-13.087712068006143,40.47749996185303,42.32824993133545,41.438399963378906,36.245399971008304,529548.3333333334
2018-07-11,39.2400016784668,37.849998474121094,38.56999969482422,39.11999893188477,469200,39.11999893188477,38.73666636149088,-75.85107021117196,40.27599983215332,42.208499908447266,41.591799926757815,36.315899963378904,521053.3333333333
2018-07-12,39.29999923706055,38.11999893188477,39.29999923706055,38.349998474121094,557200,38.349998474121094,38.58999888102213,-126.98408373386927,40.018499755859374,42.05949983596802,41.74159988403321,36.37369995117187,517686.6666666667
2018-07-13,39.849998474121094,38.27999877929688,38.27999877929688,39.43999862670898,513000,39.43999862670898,39.18999862670898,118.64364692188434,39.79149971008301,41.964999771118165,41.90359985351562,36.44949993133545,510336.6666666667
2018-07-16,40.849998474121094,39.63999938964844,40.0,40.560001373291016,612900,40.560001373291016,40.34999974568685,164.2938211945943,39.707999801635744,41.881249809265135,42.008799896240234,36.52889995574951,514773.3333333333
2018-07-17,40.983001708984375,39.95000076293945,40.52999877929688,40.83000183105469,437200,40.83000183105469,40.58766810099284,93.45928059237741,39.65699996948242,41.80524988174439,42.04379989624024,36.60989997863769,519396.6666666667
2018-07-18,42.150001525878906,40.560001373291016,40.790000915527344,41.97000122070313,468900,41.97000122070313,41.560001373291016,107.56637901731912,39.713500022888184,41.74499988555908,42.07899993896484,36.69979999542236,523896.6666666667
2018-07-19,42.4900016784668,41.47000122070313,42.20000076293945,42.04999923706055,705500,42.04999923706055,42.003334045410156,101.03603865437228,39.76000003814697,41.706499862670896,42.07939994812012,36.79189998626709,529230.0
2018-07-20,42.7599983215332,41.900001525878906,42.09000015258789,42.25,660900,42.25,42.3033332824707,88.04472151756569,39.81849994659424,41.69999990463257,42.06519996643066,36.89229999542236,536511.6666666666
2018-07-23,42.459999084472656,41.15999984741211,42.06999969482422,41.38999938964844,337900,41.38999938964844,41.66999944051107,6.825397631228147,39.79649982452393,41.67549991607666,42.039999923706056,36.98929998397827,539108.3333333334
2018-07-24,42.50500106811523,41.060001373291016,41.86999893188477,41.29999923706055,328000,41.29999923706055,41.6216672261556,-54.404118450923384,39.84299983978271,41.671749877929685,42.00779991149902,37.086799983978274,538731.6666666666
2018-07-25,41.22000122070313,39.52999877929688,41.209999084472656,40.849998474121094,364000,40.849998474121094,40.53333282470704,-165.95817324849628,39.80299968719483,41.61349983215332,41.946599884033205,37.17839996337891,540328.3333333334
2018-07-26,42.40999984741211,40.7400016784668,40.77999877929688,42.2599983215332,302300,42.2599983215332,41.8033332824707,34.346310786175074,40.035499572753906,41.578249835968016,41.90559982299805,37.28919994354248,537356.6666666666
2018-07-27,42.2400016784668,40.4900016784668,42.08000183105469,40.97000122070313,270700,40.97000122070313,41.23333485921224,-23.68758640715241,40.16649971008301,41.50099983215332,41.86059982299805,37.37809993743897,525978.3333333334
2018-07-30,41.4900016784668,40.150001525878906,41.09000015258789,40.47000122070313,217400,40.47000122070313,40.70333480834961,-70.69941923022837,40.27249984741211,41.37024984359741,41.79179985046387,37.46379995346069,515423.3333333333
2018-07-31,41.97000122070313,40.38000106811523,40.560001373291016,41.63000106811523,330900,41.63000106811523,41.32666778564453,34.330063002887265,40.43899993896484,41.27274990081787,41.74699989318847,37.56549997329712,510675.0
2018-08-01,41.959999084472656,40.599998474121094,41.27000045776367,41.58000183105469,352900,41.58000183105469,41.37999979654948,23.53735605889267,40.56450004577637,41.12849998474121,41.69099990844727,37.694399986267086,504400.0
2018-08-02,47.349998474121094,41.13000106811523,41.52999877929688,46.38000106811523,714800,46.38000106811523,44.953333536783845,166.66666666666686,40.89100017547607,41.120499992370604,41.74679992675781,37.85989999771118,502418.3333333333
2018-08-03,46.56000137329102,43.93999862670898,46.2599983215332,44.7599983215332,517300,44.7599983215332,45.08666610717773,85.71767889602191,41.213500022888184,41.091499996185306,41.79179992675781,38.01279998779297,497303.3333333333
2018-08-06,45.61999893188477,43.93999862670898,44.47999954223633,44.72000122070313,365500,44.72000122070313,44.75999959309897,48.830946601568535,41.49650001525879,41.10600004196167,41.83879997253418,38.16030000686646,487901.6666666667
2018-08-07,45.349998474121094,44.040000915527344,45.06999969482422,45.0,628200,45.0,44.796666463216155,35.59870769413004,41.79400005340576,41.1357500076294,41.90979995727539,38.31200000762939,488453.3333333333
2018-08-08,45.25,43.67499923706055,45.06000137329102,44.349998474121094,390900,44.349998474121094,44.42499923706055,-146.5739780461476,42.05550003051758,41.16574993133545,41.933199920654296,38.44509998321533,481600.0
2018-08-09,44.51499938964844,43.400001525878906,44.13999938964844,43.709999084472656,317200,43.709999084472656,43.875,-135.5749028087955,42.323500061035155,41.170999908447264,41.933999938964845,38.5803999710083,475698.3333333333
2018-08-10,44.06999969482422,42.68199920654297,43.43000030517578,43.43000030517578,582700,43.43000030517578,43.39399973551431,-115.88791243109466,42.523000144958495,41.15724992752075,41.92139991760254,38.7153999710083,480111.6666666667
2018-08-13,43.91999816894531,42.459999084472656,43.2599983215332,43.06999969482422,184300,43.06999969482422,43.149998982747405,-94.98241531446483,42.64850006103516,41.17824993133545,41.86879989624023,38.84739995956421,476763.3333333333
2018-08-14,44.25,42.665000915527344,43.22000122070313,43.43000030517578,173700,43.43000030517578,43.448333740234375,-35.62535974596035,42.77849998474121,41.217749977111815,41.826799926757815,38.987499961853025,473238.3333333333
2018-08-15,43.63999938964844,41.27999877929688,43.060001373291016,41.58000183105469,233000,41.58000183105469,42.16666666666666,-158.03642360563444,42.75900001525879,41.23625001907349,41.711399993896485,39.10859998703003,472815.0
2018-08-16,42.47999954223633,41.349998474121094,41.97999954223633,41.7599983215332,196600,41.7599983215332,41.86333211263021,-99.34279544675807,42.74449996948242,41.252250003814694,41.61259994506836,39.23199996948242,473170.0
2018-08-17,43.2400016784668,41.63999938964844,41.63999938964844,42.709999084472656,207700,42.709999084472656,42.53000005086263,-12.692415982367622,42.767499923706055,41.29299993515015,41.548399963378905,39.384599952697755,471915.0
2018-08-20,43.27000045776367,42.58000183105469,42.7599983215332,42.97000122070313,121200,42.97000122070313,42.94000116984049,48.29528702259498,42.84650001525879,41.32149991989136,41.525,39.53699996948242,464650.0
2018-08-21,43.5,42.40999984741211,43.16999816894531,42.5,203800,42.5,42.8033332824707,64.07370316160618,42.906500053405765,41.374749946594235,41.49879997253418,39.672299976348874,459518.3333333333
2018-08-22,42.68999862670898,41.150001525878906,42.56999969482422,41.81999969482422,194100,41.81999969482422,41.88666661580404,-81.49770746322959,42.95500011444092,41.378999900817874,41.47219993591309,39.80549997329712,458455.0
2018-08-23,41.97000122070313,41.04999923706055,41.86000061035156,41.59000015258789,206100,41.59000015258789,41.53666687011719,-106.56751022839991,42.92150020599365,41.47849988937378,41.433999938964845,39.92959997177124,458321.6666666667
2018-08-24,42.47000122070313,41.11999893188477,41.63000106811523,41.5099983215332,126600,41.5099983215332,41.6999994913737,-56.48373732076347,42.948500061035155,41.55749988555908,41.38459991455078,40.05399995803833,456436.6666666667
2018-08-27,42.81999969482422,41.709999084472656,41.709999084472656,42.13999938964844,201800,42.13999938964844,42.22333272298177,33.333271947387715,43.03199996948242,41.65224990844727,41.38279991149902,40.17709995269775,447751.6666666667
2018-08-28,42.45000076293945,40.68000030517578,42.34000015258789,41.18999862670898,216000,41.18999862670898,41.43999989827474,-88.83912266199594,43.00999984741211,41.72449989318848,41.36959991455078,40.29549993515015,445531.6666666667
2018-08-29,42.47000122070313,40.88999938964844,41.150001525878906,42.25,218700,42.25,41.87000020345052,33.02972162265233,43.04349975585937,41.80399990081787,41.39779991149902,40.420599937438965,440228.3333333333
2018-08-30,43.060001373291016,40.9900016784668,42.11999893188477,41.900001525878906,226100,41.900001525878906,41.98333485921224,42.68329748144164,42.819499778747556,41.85524997711182,41.41339996337891,40.528599948883056,437981.6666666667
2018-08-31,43.34000015258789,41.2599983215332,41.68999862670898,42.900001525878906,261400,42.900001525878906,42.5,115.50399260385645,42.72649993896484,41.96999998092652,41.44979995727539,40.64619997024536,433005.0
2018-09-04,43.79499816894531,42.209999084472656,42.5,43.5,296600,43.5,43.168332417806,126.7203135180238,42.66549987792969,42.08099994659424,41.4831999206543,40.77179996490479,431641.6666666667
2018-09-05,43.97999954223633,42.209999084472656,43.52000045776367,42.599998474121094,219100,42.599998474121094,42.92999903361002,65.00095047999523,42.54549980163574,42.169749927520755,41.527799911499024,40.88259994506836,428740.0
2018-09-06,44.61000061035156,42.68000030517578,42.68000030517578,44.13999938964844,250200,44.13999938964844,43.81000010172525,121.94607462489678,42.53499984741211,42.295249938964844,41.57759986877441,41.018299942016604,424318.3333333333
2018-09-07,44.79999923706055,43.51499938964844,44.0099983215332,43.9900016784668,187600,43.9900016784668,44.10166676839194,101.92028665604576,42.54899997711182,42.43625001907348,41.70519989013672,41.134299964904784,415718.3333333333
2018-09-10,46.2599983215332,44.16999816894531,44.77999877929688,45.97000122070313,453900,45.97000122070313,45.466665903727204,147.32165572185778,42.67600002288818,42.59950008392334,41.85759994506836,41.24749996185303,415955.0
2018-09-11,45.90999984741211,44.310001373291016,45.38999938964844,45.7599983215332,241200,45.7599983215332,45.32666651407877,77.87994420801644,42.81049995422363,42.7295000076294,42.0057999420166,41.35599994659424,403530.0
2018-09-12,47.4900016784668,45.7400016784668,45.849998474121094,47.02000045776367,354000,47.02000045776367,46.750001271565765,121.7883676994012,42.98999996185303,42.884249973297116,42.18019996643066,41.487099952697754,403166.6666666667
2018-09-13,47.20000076293945,43.09000015258789,46.599998474121094,43.36999893188477,574800,43.36999893188477,44.5533332824707,-62.70175621040042,43.07949981689453,42.91924991607666,42.26619995117188,41.58209995269775,404173.3333333333
2018-09-14,43.77999877929688,41.2400016784668,43.599998474121094,41.38000106811523,486400,41.38000106811523,42.13333384195963,-150.4362489000371,43.06049995422363,42.902499961853025,42.29680000305176,41.67049995422363,407213.3333333333
2018-09-17,42.84000015258789,41.22000122070313,41.47999954223633,41.65999984741211,438300,41.65999984741211,41.90666707356771,-87.80090616004827,43.00799999237061,42.88774995803833,42.36379997253418,41.7582999420166,408546.6666666667
2018-09-18,42.7599983215332,41.29999923706055,41.79999923706055,41.93000030517578,373400,41.93000030517578,41.996665954589844,-56.14921809296299,42.95599994659424,42.901249980926515,42.42119995117187,41.851399955749514,371328.3333333333
2018-09-19,42.39500045776367,41.36000061035156,41.97000122070313,41.52999877929688,314600,41.52999877929688,41.76166661580404,-56.70241335415516,42.90749988555908,42.90699996948242,42.470799942016605,41.954599952697755,369575.0
2018-09-20,42.290000915527344,41.27000045776367,41.58000183105469,42.2599983215332,391200,42.2599983215332,41.93999989827474,-5.44516042334717,42.929499816894534,42.94224996566773,42.53359992980957,42.06269992828369,366015.0
2018-09-21,42.349998474121094,40.599998474121094,42.040000915527344,41.68000030517578,1371500,41.68000030517578,41.54333241780599,-134.6818613212671,42.93399982452392,42.92775001525879,42.600199966430665,42.170899925231936,374928.3333333333
2018-09-24,42.29999923706055,41.59000015258789,41.81999969482422,42.15999984741211,301700,42.15999984741211,42.01666641235352,69.03769430208823,42.96649990081787,42.957499980926514,42.65459999084473,42.27909992218017,367791.6666666667
2018-09-25,42.7400016784668,41.79999923706055,42.22999954223633,42.27000045776367,397200,42.27000045776367,42.27000045776367,119.39161288609642,42.97299995422363,43.002499961853026,42.68879997253418,42.34879993438721,367296.6666666667
2018-09-26,42.70000076293945,41.04999923706055,42.25,41.310001373291016,552000,41.310001373291016,41.686667124430336,-61.72075419605184,42.979000091552734,42.99449996948242,42.698399963378904,42.37109992980957,367035.0
2018-09-27,42.400001525878906,40.75,41.5,41.38000106811523,448000,41.38000106811523,41.51000086466471,-72.81375949598797,42.935500144958496,42.989499950408934,42.68659996032715,42.382799949646,372705.0
2018-09-28,41.70000076293945,39.88999938964844,41.290000915527344,40.810001373291016,470500,40.810001373291016,40.800000508626304,-142.30349545594396,42.8810001373291,42.85024995803833,42.66180000305176,42.37059997558594,376703.3333333333
2018-10-01,41.52000045776367,40.27000045776367,40.91999816894531,40.7599983215332,297700,40.7599983215332,40.84999974568685,-79.85149394030157,42.773999977111814,42.75024995803833,42.63199996948242,42.348599967956545,375781.6666666667
2018-10-02,41.86000061035156,40.56999969482422,40.61000061035156,40.93999862670898,424000,40.93999862670898,41.12333297729492,-14.564549454212761,42.645999908447266,42.65574989318848,42.62299995422363,42.331499938964846,377350.0
2018-10-03,41.36000061035156,38.891998291015625,40.849998474121094,39.83000183105469,762200,39.83000183105469,40.02733357747396,-153.05072237534063,42.507500076293944,42.52649993896485,42.593600006103514,42.30069995880127,383711.6666666667
2018-10-04,40.02000045776367,38.54999923706055,39.61000061035156,39.54999923706055,533100,39.54999923706055,39.37333297729492,-120.43511855183499,42.278000068664554,42.40649995803833,42.5676000213623,42.25709995269776,384776.6666666667
2018-10-05,40.22999954223633,39.25,39.70000076293945,39.7400016784668,210400,39.7400016784668,39.74000040690104,-52.67058856822359,42.06550006866455,42.307250022888184,42.51720008850098,42.21139995574951,378996.6666666667
2018-10-08,40.72000122070313,39.540000915527344,39.70000076293945,40.5,218200,40.5,40.253334045410156,21.353476046395112,41.7920000076294,42.234000015258786,42.507800064086915,42.18419994354248,374083.3333333333
2018-10-09,41.310001373291016,40.290000915527344,40.33000183105469,40.650001525878906,301000,40.650001525878906,40.75000127156576,127.09713770747494,41.53650016784668,42.173500061035156,42.51140007019043,42.15159996032715,368885.0
2018-10-10,41.0099983215332,38.599998474121094,40.459999084472656,38.75,384200,38.75,39.4533322652181,-65.32434799887355,41.123000144958496,42.05650005340576,42.45380004882813,42.1003999710083,368001.6666666667
2018-10-11,39.68999862670898,38.150001525878906,38.45000076293945,38.599998474121094,259300,38.599998474121094,38.813332875569664,-117.75442356247984,40.884500122070314,41.98199996948242,42.394199981689454,42.04259994506836,364508.3333333333
2018-10-12,39.27000045776367,37.61000061035156,39.11000061035156,38.31999969482422,365000,38.31999969482422,38.40000025431315,-97.657500231821,40.73150005340576,41.8960000038147,42.23299995422363,41.98989994049072,358833.3333333333
2018-10-15,39.60499954223633,38.31999969482422,38.52000045776367,39.02000045776367,226900,39.02000045776367,38.981666564941406,-30.21087156589643,40.59950008392334,41.80375003814697,42.11819999694824,41.95499996185303,351600.0
2018-10-16,41.310001373291016,39.1150016784668,39.41999816894531,40.59000015258789,376400,40.59000015258789,40.33833440144857,136.12515264248938,40.53250007629394,41.744250011444095,42.03559997558594,41.93719997406006,352241.6666666667
2018-10-17,40.81999969482422,40.0,40.5099983215332,40.459999084472656,158100,40.459999084472656,40.426666259765625,87.04912650109648,40.479000091552734,41.693249988555905,41.94479995727539,41.92729995727539,349410.0
2018-10-18,41.20000076293945,39.9900016784668,40.43999862670898,40.61999893188477,276500,40.61999893188477,40.60333379109701,67.13874062628108,40.39700012207031,41.66324996948242,41.87019996643066,41.90169994354248,347951.6666666667
2018-10-19,40.97000122070313,39.31999969482422,40.58000183105469,39.36000061035156,245200,39.36000061035156,39.88333384195963,-22.161886408375974,40.2810001373291,41.60749998092651,41.78319999694824,41.85859996795654,347000.0
2018-10-22,40.47999954223633,39.33000183105469,39.54999923706055,39.63999938964844,214800,39.63999938964844,39.81666692097982,-90.97161494564254,40.15500011444092,41.560750007629395,41.707399978637696,41.81439994812012,346068.3333333333
2018-10-23,39.9900016784668,38.209999084472656,38.93000030517578,39.4900016784668,215500,39.4900016784668,39.23000081380209,-121.4149058226315,40.01600017547607,41.49450006484985,41.63580001831055,41.75229995727539,346036.6666666667
2018-10-24,39.72000122070313,36.84000015258789,39.5,36.88000106811523,317700,36.88000106811523,37.81333414713541,-145.6208391209046,39.79450016021728,41.38675012588501,41.50480003356934,41.66579998016358,345816.6666666667
2018-10-25,39.349998474121094,37.13999938964844,37.61000061035156,38.81999969482422,364000,38.81999969482422,38.436665852864586,-54.82384330593221,39.666500091552734,41.301000118255615,41.449599990844725,41.580499992370605,346001.6666666667
2018-10-26,39.72999954223633,37.849998474121094,38.29999923706055,39.36999893188477,387100,39.36999893188477,38.98333231608073,14.515766545400512,39.59449996948242,41.23775005340576,41.40180000305176,41.50719997406006,340540.0
2018-10-29,40.63999938964844,38.79999923706055,39.7599983215332,39.08000183105469,259900,39.08000183105469,39.50666681925456,88.7726507553052,39.5105001449585,41.142250061035156,41.3292000579834,41.43880001068115,336250.0
2018-10-30,40.16999816894531,38.11999893188477,38.900001525878906,39.04999923706055,233300,39.04999923706055,39.11333211263021,44.226391892749255,39.41600017547607,41.03100004196167,41.25080001831055,41.387900009155274,334046.6666666667
2018-10-31,40.2400016784668,38.900001525878906,39.5,39.84000015258789,320600,39.84000015258789,39.66000111897787,97.74441948803135,39.416500091552734,40.96200008392334,41.197600021362305,41.34819999694824,328920.0
2018-11-01,39.599998474121094,35.88999938964844,38.70000076293945,37.63999938964844,1093500,37.63999938964844,37.709999084472656,-165.2091095829663,39.32100009918213,40.79950008392334,41.11400001525879,41.29309997558594,340630.0
2018-11-02,38.47000122070313,36.27999877929688,37.59000015258789,38.22000122070313,582900,38.22000122070313,37.65666707356772,-85.45777575710386,39.24500007629395,40.65525007247925,41.04660003662109,41.240299987792966,345058.3333333333
2018-11-05,40.47999954223633,38.22000122070313,38.47999954223633,40.02000045776367,426300,40.02000045776367,39.573333740234375,65.34510279634739,39.22100009918213,40.50650005340576,41.0168000793457,41.200699996948245,342451.6666666667
2018-11-06,41.435001373291016,39.400001525878906,39.77999877929688,40.91999816894531,458900,40.91999816894531,40.585000356038414,95.29669271543699,39.23449993133545,40.385500049591066,40.99240005493164,41.187599983215335,347028.3333333333
2018-11-07,41.34000015258789,38.86999893188477,41.34000015258789,40.290000915527344,291500,40.290000915527344,40.16666666666666,58.896510125156794,39.311499977111815,40.21725006103516,40.97440010070801,41.17200000762939,348991.6666666667
2018-11-08,40.900001525878906,38.76100158691406,39.7599983215332,40.400001525878906,257500,40.400001525878906,40.02033487955729,35.51301318028761,39.401500129699706,40.14300012588501,40.93740013122559,41.167600021362304,349400.0
2018-11-09,41.40999984741211,39.84000015258789,40.0,41.02000045776367,407200,41.02000045776367,40.75666681925456,99.21309300323222,39.53650016784668,40.13400011062622,40.91980010986328,41.16660003662109,352910.0
2018-11-12,41.22999954223633,39.63000106811523,41.18000030517578,40.31999969482422,251000,40.31999969482422,40.393333435058594,2.559016339938915,39.60150012969971,40.10050010681152,40.868200073242186,41.15900001525879,353631.6666666667
2018-11-13,41.95000076293945,40.02999877929688,40.02999877929688,41.31999969482422,327200,41.31999969482422,41.09999974568685,115.77712744717527,39.638000106811525,40.08525009155274,40.824600067138675,41.15389999389649,357065.0
2018-11-14,41.97999954223633,39.7400016784668,41.97999954223633,40.540000915527344,226600,40.540000915527344,40.753334045410156,31.12180603624217,39.64200019836426,40.060500144958496,40.7834001159668,41.15560001373291,357445.0
2018-11-15,40.68000030517578,38.38000106811523,40.18000030517578,38.58000183105469,512600,38.58000183105469,39.21333440144857,-160.15621455798984,39.54000034332275,39.968500232696535,40.67220016479492,41.124900016784665,362753.3333333333
2018-11-16,38.95000076293945,37.2599983215332,38.650001525878906,38.209999084472656,435500,38.209999084472656,38.13999938964844,-119.30300604627884,39.48250026702881,39.88175020217896,40.55660011291504,41.13090000152588,366576.6666666667
2018-11-19,38.790000915527344,36.560001373291016,38.2400016784668,36.88000106811523,315300,36.88000106811523,37.41000111897787,-99.44557347688033,39.344500350952146,39.749750232696535,40.37480010986328,41.11620002746582,369721.6666666667
2018-11-20,36.52999877929688,34.529998779296875,36.5,35.43000030517578,287300,35.43000030517578,35.496665954589844,-126.63797051696514,39.141500282287595,39.57875022888184,40.16820014953613,41.087000045776364,371146.6666666667
2018-11-21,36.7400016784668,35.47999954223633,35.5,35.86000061035156,287200,35.86000061035156,36.02666727701823,-68.56842359776122,39.09050025939941,39.44250020980835,39.94500015258789,41.06260005950928,372333.3333333333
2018-11-23,35.47999954223633,34.72999954223633,35.38999938964844,35.049999237060554,100200,35.049999237060554,35.08666610717773,-83.4781321034399,38.90200023651123,39.28425016403198,39.778600158691404,41.02240005493164,370358.3333333333
2018-11-26,36.13999938964844,33.669998168945305,35.18000030517578,34.209999084472656,323300,34.209999084472656,34.67333221435547,-90.62038414312825,38.64400024414063,39.11925010681152,39.635200119018556,40.96600006103515,371978.3333333333
2018-11-27,34.830001831054695,33.169998168945305,34.0,34.360000610351555,264400,34.360000610351555,34.120000203450516,-117.040198324557,38.40800018310547,38.959250164031985,39.48920013427735,40.92650005340576,372028.3333333333
2018-11-28,35.36000061035156,33.36999893188477,34.18000030517578,34.950000762939446,254500,34.950000762939446,34.560000101725265,-41.87600371399381,38.20300025939942,38.809500217437744,39.34960014343262,40.88540004730225,371326.6666666667
2018-11-29,35.43000030517578,34.34000015258789,34.950000762939446,34.549999237060554,206500,34.549999237060554,34.77333323160807,35.97661155793352,37.938500213623044,38.67750015258789,39.21000015258789,40.840400047302246,371116.6666666667
2018-11-30,34.810001373291016,33.689998626708984,34.34999847412109,34.360000610351555,406500,34.360000610351555,34.286666870117195,-58.47252291704193,37.7745002746582,38.54775018692017,39.052000198364254,40.79280006408691,373721.6666666667
2018-12-03,35.400001525878906,33.549999237060554,34.860000610351555,35.220001220703125,403600,35.220001220703125,34.723333994547524,66.4363784988204,37.6245002746582,38.434750175476076,38.9228002166748,40.76150009155273,377321.6666666667
2018-12-04,35.5099983215332,33.439998626708984,35.290000915527344,33.669998168945305,408200,33.669998168945305,34.2066650390625,-95.99182401052171,37.307000160217285,38.26400012969971,38.75300018310547,40.7038000869751,376560.0
2018-12-06,33.650001525878906,32.459999084472656,33.299999237060554,33.15999984741211,440600,33.15999984741211,33.09000015258789,-165.29631893673036,36.919000244140626,38.076750087738034,38.57080017089844,40.62980007171631,379883.3333333333
2018-12-07,34.43000030517578,32.59000015258789,33.490001678466804,32.669998168945305,309700,32.669998168945305,33.22999954223633,-75.52783594917477,36.53800010681152,37.92475004196167,38.39800010681152,40.54820003509521,379145.0
2018-12-10,33.150001525878906,31.68000030517578,32.459999084472656,32.150001525878906,796100,32.150001525878906,32.32666778564453,-104.30555315658432,36.12550010681152,37.763500118255614,38.2134001159668,40.450000038146975,382833.3333333333
2018-12-11,33.34999847412109,31.70000076293945,32.68000030517578,32.990001678466804,594300,32.990001678466804,32.68000030517578,-58.129007647076556,35.72400016784668,37.63025016784668,38.05700012207031,40.359400062561036,384631.6666666667
2018-12-12,33.72999954223633,32.669998168945305,33.259998321533196,32.93000030517578,327900,32.93000030517578,33.109999338785805,48.32167398370046,35.354500198364256,37.47800016403198,37.900400161743164,40.26620006561279,382791.6666666667
2018-12-13,33.919998168945305,32.610000610351555,32.950000762939446,33.200000762939446,403400,33.200000762939446,33.24333318074543,65.38056369706375,34.94850025177002,37.29325017929077,37.74560020446777,40.184300079345704,383291.6666666667
2018-12-14,33.990001678466804,32.360000610351555,32.86999893188477,32.560001373291016,258800,32.560001373291016,32.970001220703125,23.897277958462983,34.5495002746582,37.09575023651123,37.6002001953125,40.096900100708005,382361.6666666667
2018-12-17,33.25,31.65999984741211,32.43000030517578,31.81999969482422,385400,31.81999969482422,32.243333180745445,-130.26659691095944,34.21150016784668,36.87575025558472,37.44560020446777,40.00660011291504,382265.0
2018-12-18,33.86999893188477,31.489999771118164,32.060001373291016,33.11999893188477,310300,33.11999893188477,32.8266658782959,-12.609269285213244,33.957000160217284,36.719750213623044,37.31320014953613,39.91520011901856,364578.3333333333
2018-12-19,33.860000610351555,31.76499938964844,33.080001831054695,31.90999984741211,231400,31.90999984741211,32.51166661580404,-54.026501444274615,33.70850009918213,36.52650022506714,37.14140014648437,39.82460010528565,363406.6666666667
2018-12-20,32.939998626708984,31.57999992370605,32.0,31.649999618530273,319500,31.649999618530273,32.0566660563151,-102.87614447158924,33.51950006484985,36.33050017356872,36.9614001083374,39.73640008926392,362111.6666666667
2018-12-21,31.65999984741211,29.520000457763672,31.3700008392334,29.78000068664551,778800,29.78000068664551,30.320000330607094,-166.66666666666686,33.215500068664554,36.15300016403198,36.782000122070315,39.61790008544922,365891.6666666667
2018-12-24,30.45000076293945,29.34000015258789,29.34000015258789,29.649999618530273,171400,29.649999618530273,29.81333351135254,-98.00402406355715,32.94550008773804,35.923750162124634,36.60300014495849,39.49860006332398,361281.6666666667
2018-12-26,31.45000076293945,29.36000061035156,29.70000076293945,31.38999938964844,213600,31.38999938964844,30.733333587646484,-24.61830268527925,32.804500102996826,35.72425017356873,36.464400138854984,39.34870004653931,357000.0
2018-12-27,31.28000068664551,29.899999618530273,30.86000061035156,31.11000061035156,134800,31.11000061035156,30.76333363850911,3.2210385356395626,32.642000102996825,35.525000143051145,36.306200141906736,39.21220006942749,354285.0
2018-12-28,32.220001220703125,30.540000915527344,31.28000068664551,31.60000038146973,139400,31.60000038146973,31.453334172566727,126.76771681790184,32.47450008392334,35.338750171661374,36.12640014648437,39.081000061035155,349541.6666666667
2018-12-31,32.200000762939446,30.90999984741211,31.729999542236328,31.709999084472656,210700,31.709999084472656,31.60666656494141,93.0724323638384,32.33250007629395,35.1355001449585,35.951400146484374,38.948100051879884,340350.0
2019-01-02,32.950000762939446,30.79999923706055,31.45000076293945,32.360000610351555,174500,32.360000610351555,32.036666870117195,104.90939183932676,32.232500076293945,35.00350017547608,35.78620018005371,38.828200073242186,334373.3333333333
2019-01-03,32.290000915527344,31.30500030517578,32.290000915527344,31.489999771118164,259200,31.489999771118164,31.695000330607094,38.07949764699646,32.0460000038147,34.83525013923645,35.62880016326904,38.706000080108645,335186.6666666667
2019-01-04,33.59000015258789,31.60000038146973,31.959999084472656,32.759998321533196,294800,32.759998321533196,32.649999618530266,139.49936889779102,32.00050001144409,34.65375008583069,35.49120014190674,38.59930006027221,336463.3333333333
2019-01-07,33.27000045776367,31.86000061035156,32.880001068115234,32.439998626708984,282100,32.439998626708984,32.52333323160807,72.43635746907178,31.964499950408936,34.44175009727478,35.35020008087158,38.49300004959107,336148.3333333333
2019-01-08,32.93000030517578,32.209999084472656,32.880001068115234,32.650001525878906,239700,32.650001525878906,32.59666697184245,56.83423491629573,31.963500118255617,34.25075011253357,35.26560009002686,38.385200061798095,333740.0
2019-01-09,33.27000045776367,32.34999847412109,32.810001373291016,32.56999969482422,273600,32.56999969482422,32.72999954223633,65.18811748521814,31.984500026702882,34.0550000667572,35.14060009002686,38.29510004043579,333978.3333333333
2019-01-10,32.90999984741211,31.84000015258789,32.09999847412109,32.630001068115234,423400,32.630001068115234,32.46000035603841,-109.63440939253191,31.966499996185302,33.845250082015994,35.00580013275147,38.20380006790161,334951.6666666667
2019-01-11,33.290000915527344,32.43000030517578,32.43000030517578,33.15999984741211,345200,33.15999984741211,32.96000035603841,133.50806834593553,31.97799997329712,33.66625008583069,34.88740009307861,38.108300075531005,336923.3333333333
2019-01-14,33.610000610351555,32.200000762939446,32.86999893188477,32.389999389648445,193700,32.389999389648445,32.733333587646484,18.55539873738035,31.937499904632567,33.443000078201294,34.75420009613037,38.00250005722046,333878.3333333333
2019-01-15,32.839000701904304,31.364999771118164,32.360000610351555,31.95000076293945,287600,31.95000076293945,32.05133374532064,-134.735383206559,31.90699987411499,33.228250074386594,34.596400108337406,37.897000064849856,336036.6666666667
2019-01-16,33.005001068115234,31.920000076293945,31.920000076293945,32.759998321533196,218400,32.759998321533196,32.56166648864746,2.352034602327351,31.95399980545044,33.08274998664856,34.498800086975095,37.806400051116945,335068.3333333333
2019-01-17,34.09999847412109,32.549999237060554,32.549999237060554,34.029998779296875,280800,34.029998779296875,33.559998830159515,134.69606578916125,31.999499797821045,32.97824997901917,34.41500003814697,37.730800037384036,335661.6666666667
2019-01-18,34.380001068115234,33.509998321533196,34.22999954223633,34.09000015258789,237700,34.09000015258789,33.993333180745445,105.9953814609188,32.10849981307983,32.90849995613098,34.29640003204346,37.65660005569458,336043.3333333333
2019-01-22,34.205001831054695,33.097000122070305,33.84000015258789,33.880001068115234,152900,33.880001068115234,33.72733434041341,52.413450832304875,32.21999988555908,32.86974997520447,34.15560009002686,37.57400007247925,335000.0
2019-01-23,35.2400016784668,34.09000015258789,34.09000015258789,34.830001831054695,244900,34.830001831054695,34.720001220703125,128.84714584451825,32.47249994277954,32.844000005722044,34.0464001083374,37.5104001045227,333786.6666666667
2019-01-24,35.02000045776367,33.18000030517578,34.84999847412109,33.830001831054695,232200,33.830001831054695,34.01000086466471,1.8067155972079385,32.68150005340576,32.8135000705719,33.915000114440915,37.42620012283325,331590.0
2019-01-25,35.0,34.11999893188477,34.11999893188477,34.700000762939446,119000,34.700000762939446,34.60666656494141,72.8827341703377,32.84700012207031,32.82575011253357,33.78860012054443,37.35420011520386,327121.6666666667
2019-01-28,34.759998321533196,33.919998168945305,34.36999893188477,34.56999969482422,157200,34.56999969482422,34.41666539510091,23.49732627744065,33.02000007629395,32.831000089645386,33.673600120544435,37.270900096893314,325410.0
2019-01-29,35.185001373291016,34.15999984741211,34.720001220703125,34.209999084472656,115300,34.209999084472656,34.518333435058594,22.12995909890865,33.150500011444095,32.81250004768371,33.5314001083374,37.178000087738035,323443.3333333333
2019-01-30,35.540000915527344,34.450000762939446,34.580001831054695,35.06999969482422,152800,35.06999969482422,35.02000045776367,139.99633316181885,33.31850004196167,32.825500059127805,33.422000083923336,37.10270009994507,320646.6666666667
2019-01-31,35.56999969482422,34.630001068115234,35.110000610351555,35.529998779296875,226600,35.529998779296875,35.243333180745445,108.43815736571928,33.47699995040894,32.85475001335144,33.361000022888184,37.016600093841554,306198.3333333333
2019-02-01,35.55500030517578,34.650001525878906,35.33000183105469,34.84999847412109,146300,34.84999847412109,35.018333435058594,38.802672506726346,33.64499988555908,32.84549994468689,33.29380001068115,36.925200061798094,298921.6666666667
2019-02-04,35.66999816894531,34.68000030517578,34.790000915527344,35.29999923706055,201200,35.29999923706055,35.21666590372721,73.31020219037863,33.77199993133545,32.88624997138977,33.26219997406006,36.81850004196167,295170.0
2019-02-05,35.84000015258789,35.064998626708984,35.38999938964844,35.31999969482422,117400,35.31999969482422,35.40833282470703,116.64969062836386,33.91599998474121,32.94024996757507,33.259999961853026,36.71410005569458,289478.3333333333
2019-02-06,35.529998779296875,34.279998779296875,35.31999969482422,34.720001220703125,213800,34.720001220703125,34.84333292643229,-117.22192082836537,34.019499969482425,32.99150004386902,33.23719997406006,36.59110006332398,288183.3333333333
2019-02-07,37.400001525878906,34.035999298095696,37.400001525878906,34.34000015258789,281900,34.34000015258789,35.2586669921875,41.85146815704436,34.10799999237061,33.04625000953674,33.2229999923706,36.500800075531004,288590.0
2019-02-08,34.279998779296875,32.810001373291016,34.209999084472656,33.22999954223633,244400,33.22999954223633,33.439999898274735,-166.66666666666583,34.13799991607666,33.05224995613098,33.20340000152588,36.419300060272214,285876.6666666667
2019-02-11,35.689998626708984,33.28499984741211,33.700000762939446,34.490001678466804,299600,34.490001678466804,34.48833338419596,-22.964924825774087,34.20450000762939,33.091249990463254,33.20600002288818,36.347600078582765,286686.6666666667
2019-02-12,34.970001220703125,33.61999893188477,34.889999389648445,34.240001678466804,278100,34.240001678466804,34.276667277018234,-25.526871989588884,34.297000122070315,33.11725001335144,33.19180004119873,36.27070009231567,285868.3333333333
2019-02-13,35.529998779296875,34.169998168945305,34.240001678466804,35.36999893188477,268100,35.36999893188477,35.02333196004232,68.09773228728734,34.46800003051758,33.18749995231629,33.20820003509522,36.209100093841556,286560.0
2019-02-14,36.040000915527344,35.22999954223633,35.22999954223633,35.849998474121094,258600,35.849998474121094,35.70666631062826,119.9301041420824,34.622500038146974,33.28824992179871,33.237999992370604,36.14500009536743,282326.6666666667
2019-02-15,36.2599983215332,35.650001525878906,36.0099983215332,36.04999923706055,160000,36.04999923706055,35.98666636149088,98.88198236381656,34.72350006103515,33.3614999294281,33.25459995269775,36.08870008468628,277735.0
2019-02-19,36.70000076293945,35.970001220703125,36.02000045776367,36.43999862670898,211700,36.43999862670898,36.37000020345052,90.89684269966536,34.84099998474121,33.474749898910524,33.30999996185303,36.03150007247925,276008.3333333333
2019-02-20,37.150001525878906,36.099998474121094,36.58000183105469,37.08000183105469,226300,37.08000183105469,36.77666727701823,110.2578213769302,35.001000022888185,33.610499954223634,33.38840000152588,35.97960008621216,274991.6666666667
2019-02-21,37.540000915527344,36.77999877929688,37.22999954223633,37.400001525878906,227300,37.400001525878906,37.24000040690104,115.92568136057571,35.129500007629396,33.80099997520447,33.48300006866455,35.94050008773804,273993.3333333333
2019-02-22,38.10699844360352,37.08000183105469,37.54999923706055,37.2400016784668,169200,37.2400016784668,37.475667317708336,99.45144411914863,35.3,33.990750026702884,33.58480007171631,35.899100093841554,275143.3333333333
2019-02-25,37.31999969482422,36.44400024414063,37.31999969482422,36.97000122070313,178100,36.97000122070313,36.91133371988932,-8.972144376994748,35.413500022888186,34.13025007247925,33.664400062561036,35.860700092315675,272723.3333333333
2019-02-26,37.61000061035156,36.97000122070313,37.04999923706055,37.2599983215332,187600,37.2599983215332,37.28000005086263,40.78408512398006,35.547999954223634,34.28400001525879,33.751000022888185,35.82570009231567,271443.3333333333
2019-02-27,38.45000076293945,37.29999923706055,37.52000045776367,38.31999969482422,183900,38.31999969482422,38.02333323160807,146.12177688458326,35.75349998474121,34.45199999809265,33.85340000152588,35.799500102996824,270266.6666666667
2019-02-28,38.47999954223633,37.2599983215332,38.40999984741211,37.95000076293945,192600,37.95000076293945,37.89666620890299,71.40880280897812,35.89750003814697,34.60800004005432,33.96119998931885,35.780700092315676,270035.0
2019-03-01,38.40999984741211,37.34000015258789,38.20000076293945,38.36999893188477,183800,38.36999893188477,38.03999964396159,63.86914107577726,36.039500045776364,34.75824999809265,34.09219997406006,35.768900089263916,266323.3333333333
2019-03-04,38.7400016784668,37.43000030517578,38.400001525878906,37.61000061035156,348000,37.61000061035156,37.92666753133138,28.11271282450978,36.17750015258789,34.911250019073485,34.1820000076294,35.747600078582764,265396.6666666667
2019-03-05,38.18999862670898,37.38999938964844,37.7400016784668,37.40999984741211,274400,37.40999984741211,37.66333262125651,-158.11949091892768,36.28300018310547,35.02750005722046,34.2920000076294,35.716700077056885,263166.6666666667
2019-03-06,37.599998474121094,35.2599983215332,37.56999969482422,35.4900016784668,261000,35.4900016784668,36.11666615804037,-166.66666666666583,36.2915002822876,35.1037501335144,34.36880004882813,35.66510007858276,260173.33333333334
2019-03-07,35.77000045776367,34.22999954223633,35.75,34.27000045776367,281100,34.27000045776367,34.756666819254555,-122.04005229284964,36.26900024414063,35.144250106811526,34.45860004425049,35.6203000831604,259696.66666666666
2019-03-08,34.384998321533196,33.439998626708984,34.09999847412109,33.669998168945305,178400,33.669998168945305,33.8316650390625,-105.17207130632805,36.23550014495849,35.17175006866455,34.539000015258786,35.57100008010864,249401.66666666666
2019-03-11,35.2400016784668,33.775001525878906,33.939998626708984,35.15999984741211,477500,35.15999984741211,34.7250010172526,-39.287802628528986,36.332000160217284,35.23500003814697,34.61440002441406,35.53940008163452,247455.0
2019-03-12,36.42499923706055,35.040000915527344,35.040000915527344,36.150001525878906,349500,36.150001525878906,35.8716672261556,72.4017384795997,36.41500015258789,35.30975008010864,34.71520004272461,35.51070009231567,247815.0
2019-03-13,36.9900016784668,36.040000915527344,36.38000106811523,36.40999984741211,276000,36.40999984741211,36.48000081380209,107.63944224767384,36.52350006103516,35.41025009155273,34.81140003204346,35.46890008926392,245691.66666666666
2019-03-14,36.88000106811523,36.099998474121094,36.540000915527344,36.75,175800,36.75,36.576666514078774,73.8283652553264,36.59250011444092,35.53025007247925,34.912200050354,35.43180009841919,244308.33333333334
2019-03-15,37.5,36.650001525878906,36.900001525878906,37.38000106811523,635300,37.38000106811523,37.17666753133138,97.06752845916657,36.669000244140626,35.6457501411438,35.012600059509275,35.3994001197815,248473.33333333334
2019-03-18,38.11999893188477,37.084999084472656,37.41999816894531,37.56999969482422,251400,37.56999969482422,37.59166590372721,110.14895170230749,36.74500026702881,35.734250164031984,35.1342000579834,35.38150011062622,247491.66666666666
2019-03-19,37.9900016784668,37.2599983215332,37.81999969482422,37.59000015258789,236700,37.59000015258789,37.61333338419596,78.31744822895794,36.802500343322755,35.82175016403198,35.23080009460449,35.36100011825562,247580.0
2019-03-20,37.61999893188477,36.7599983215332,37.45000076293945,36.97000122070313,249000,36.97000122070313,37.11666615804037,-21.147054789261,36.797000312805174,35.89900016784668,35.32140014648437,35.335800113677976,246405.0
2019-03-21,37.849998474121094,36.29499816894531,36.810001373291016,36.38999938964844,288600,36.38999938964844,36.84499867757162,-105.75828238182467,36.746500205993655,35.93800010681152,35.39620010375977,35.33090009689331,238235.0
2019-03-22,36.5,35.20000076293945,36.02000045776367,35.220001220703125,213900,35.220001220703125,35.640000661214195,-153.18019706469744,36.64550018310547,35.97275009155273,35.44920013427734,35.2949001121521,238943.33333333334
2019-03-25,35.220001220703125,34.150001525878906,35.220001220703125,34.209999084472656,384600,34.209999084472656,34.526667277018234,-120.00441479846089,36.507500076293944,35.96050004959106,35.48080009460449,35.243300113677975,241793.33333333334
2019-03-26,34.77000045776367,34.0,34.380001068115234,34.060001373291016,274100,34.060001373291016,34.276667277018234,-90.03293584280169,36.347500228881835,35.947750091552734,35.498800125122074,35.19310010910034,244115.0
2019-03-27,34.40999984741211,33.0,33.900001525878906,33.259998321533196,294500,33.259998321533196,33.5566660563151,-92.41815789033122,36.09450016021729,35.924000072479245,35.516200103759765,35.13520009994507,246700.0
2019-03-28,33.959999084472656,33.060001373291016,33.259998321533196,33.84999847412109,228200,33.84999847412109,33.62333297729492,-77.03574846321304,35.889500045776366,35.89350004196167,35.5542000579834,35.0753000831604,246991.66666666666
2019-03-29,35.040000915527344,33.610000610351555,34.279998779296875,34.220001220703125,407000,34.220001220703125,34.290000915527344,42.20474384511742,35.682000160217285,35.860750102996825,35.583400115966796,35.041100101470946,250866.66666666666
2019-04-01,35.18000030517578,34.049999237060554,34.580001831054695,34.18000030517578,336600,34.18000030517578,34.469999949137375,78.43124330266802,35.5105001449585,35.84400014877319,35.58640014648437,35.000700092315675,252156.66666666666
2019-04-02,34.169998168945305,32.810001373291016,34.130001068115234,33.279998779296875,336400,33.279998779296875,33.41999944051107,-74.14696930899203,35.30400009155274,35.793500137329104,35.57020011901855,34.93330007553101,252850.0
2019-04-03,33.64500045776367,32.25,33.47999954223633,32.59000015258789,374100,32.59000015258789,32.82833353678385,-114.48231451540424,35.15900001525879,35.72525014877319,35.54440010070801,34.850000095367434,254383.33333333334
2019-04-04,33.290000915527344,32.259998321533196,32.529998779296875,33.279998779296875,296700,33.279998779296875,32.94333267211914,-68.27778086410028,35.10949993133545,35.68925008773804,35.51340003967285,34.77990007400513,255333.33333333334
2019-04-05,33.860000610351555,33.18000030517578,33.470001220703125,33.459999084472656,451400,33.459999084472656,33.5,10.203084627273842,35.098999977111816,35.667250061035155,35.50599998474121,34.71050004959106,258296.66666666666
2019-04-08,33.924999237060554,33.189998626708984,33.450000762939446,33.52000045776367,348600,33.52000045776367,33.54499944051107,68.61837107521947,35.01700000762939,35.67450008392334,35.482399978637694,34.635500049591066,257050.0
2019-04-09,33.93000030517578,33.169998168945305,33.419998168945305,33.43000030517578,304900,33.43000030517578,33.50999959309896,53.725643536899106,34.88099994659424,35.64800004959106,35.45959999084473,34.56660005569458,256378.33333333334
2019-04-10,34.330001831054695,33.279998779296875,33.580001831054695,34.049999237060554,275200,34.049999237060554,33.88666661580404,127.94088120326758,34.76299991607666,35.64324998855591,35.45639999389648,34.493900051116945,257736.66666666666
2019-04-11,34.380001068115234,33.290000915527344,34.06999969482422,33.72999954223633,324600,33.72999954223633,33.800000508626304,64.81496576015998,34.611999893188475,35.602250003814696,35.42959999084473,34.425800037384036,258353.33333333334
2019-04-12,34.27000045776367,33.400001525878906,33.779998779296875,34.09999847412109,233300,34.09999847412109,33.923333485921226,77.18295845422331,34.44799976348877,35.5585000038147,35.40099998474121,34.3810000038147,258601.66666666666
2019-04-15,34.209999084472656,33.52000045776367,34.09999847412109,33.720001220703125,261400,33.720001220703125,33.81666692097982,17.628271257494866,34.255499839782715,35.500250053405765,35.378400039672854,34.336100025177004,258278.33333333334
2019-04-16,34.65999984741211,33.375,33.669998168945305,34.380001068115234,309400,34.380001068115234,34.138333638509124,159.35885025990214,34.09499988555908,35.44875011444092,35.36000007629394,34.311100025177005,259473.33333333334
2019-04-17,34.580001831054695,33.580001831054695,34.470001220703125,33.639999389648445,394000,33.639999389648445,33.933334350585945,8.041347427625197,33.92849979400635,35.36275005340576,35.32640007019043,34.29320001602173,263491.6666666667
2019-04-18,33.639999389648445,32.985000610351555,33.27000045776367,33.22999954223633,340700,33.22999954223633,33.28499984741211,-165.83900525295985,33.770499801635744,35.258500003814696,35.29660003662109,34.266900005340574,265088.3333333333
2019-04-22,34.25,33.139999389648445,33.240001678466804,33.830001831054695,160300,33.830001831054695,33.74000040690104,-13.160576256461098,33.70099983215332,35.17325000762939,35.28640007019043,34.25470003128052,263890.0
2019-04-23,34.60499954223633,33.389999389648445,33.810001373291016,34.34999847412109,272900,34.34999847412109,34.11499913533529,68.88975416182252,33.707999801635744,35.107749938964844,35.308800048828125,34.256100025177005,266455.0
2019-04-24,34.610000610351555,33.93000030517578,34.279998779296875,34.34999847412109,214900,34.34999847412109,34.29666646321615,97.43350014357077,33.72249965667724,35.03499994277954,35.30599998474121,34.2560000038147,267416.6666666667
2019-04-25,34.330001831054695,33.27000045776367,34.189998626708984,33.34000015258789,213900,33.34000015258789,33.64666748046875,-36.40244528692872,33.72649974822998,34.91049995422363,35.287999954223636,34.239899997711184,269060.0
2019-04-26,34.110000610351555,33.049999237060554,33.5,34.080001831054695,104700,34.080001831054695,33.7466672261556,-45.573634534461746,33.73799991607666,34.81374998092652,35.26220001220703,34.235200023651124,268258.3333333333
2019-04-29,34.310001373291016,33.830001831054695,34.02000045776367,33.86999893188477,112300,33.86999893188477,34.00333404541016,13.10290920380025,33.72049980163574,34.70124998092651,35.222600021362304,34.23030000686646,266353.3333333333
2019-04-30,34.209999084472656,33.56999969482422,33.77000045776367,33.900001525878906,248100,33.900001525878906,33.893333435058594,-8.596099460552054,33.706499862670896,34.6085000038147,35.17960006713867,34.21710000991821,268050.0
2019-05-01,34.054000854492195,32.560001373291016,33.939998626708984,32.689998626708984,447600,32.689998626708984,33.101333618164055,-158.01206371760475,33.6769998550415,34.49049997329712,35.10460006713867,34.20730001449585,272156.6666666667
2019-05-02,32.81999969482422,31.542999267578125,32.5,31.81999969482422,209000,31.81999969482422,32.06099955240885,-138.90908626525882,33.63849983215332,34.398749923706056,34.999400024414065,34.19390001296997,273683.3333333333
2019-05-03,33.200000762939446,32.06999969482422,32.06999969482422,32.919998168945305,285700,32.919998168945305,32.72999954223633,-45.096168951526614,33.620499801635745,34.3649998664856,34.90979995727539,34.196400012969974,274881.6666666667
2019-05-06,33.330001831054695,32.080001831054695,32.439998626708984,33.18000030517578,204900,33.18000030517578,32.863334655761726,-9.759412244789571,33.6064998626709,34.35274991989136,34.82859992980957,34.206700000762936,273598.3333333333
2019-05-07,32.81999969482422,31.65500068664551,32.75,31.88999938964844,200400,31.88999938964844,32.12166659037272,-78.1120625521596,33.52499980926514,34.270999908447266,34.72699989318848,34.19569997787475,272865.0
2019-05-08,33.900001525878906,30.979999542236328,33.0,31.149999618530273,373800,31.149999618530273,32.01000022888184,-65.83730914350862,33.41099977493286,34.14599986076355,34.60479991912842,34.1778999710083,274101.6666666667
2019-05-09,31.413000106811523,30.04999923706055,30.6200008392334,30.65999984741211,433500,30.65999984741211,30.70766639709473,-157.90238237815566,33.24149980545044,34.00224986076355,34.45159992218018,34.152499961853025,276691.6666666667
2019-05-10,31.76000022888184,30.295000076293945,30.520000457763672,31.6200008392334,304900,31.6200008392334,31.22500038146973,-57.020374589202525,33.135999870300296,33.87399988174438,34.32499992370605,34.14309995651245,277305.0
2019-05-13,31.3799991607666,29.59000015258789,31.3799991607666,29.70000076293945,335700,29.70000076293945,30.22333335876465,-106.62295446453336,32.91599998474121,33.68199987411499,34.15159996032715,34.121899967193606,278590.0
2019-05-14,30.229999542236328,28.770000457763672,29.770000457763672,29.959999084472656,333300,29.959999084472656,29.653333028157547,-108.41240087262308,32.72799987792969,33.4917498588562,33.99859992980957,34.090299968719485,281478.3333333333
2019-05-15,30.03000068664551,29.38999938964844,29.649999618530273,29.920000076293945,228100,29.920000076293945,29.780000050862625,-69.12030001470703,32.504999828338626,33.29999985694885,33.84879993438721,34.0703999710083,281751.6666666667
2019-05-16,30.25,29.399999618530273,30.25,29.979999542236328,238700,29.979999542236328,29.876666386922196,-40.02913309604967,32.321999835968015,33.125249814987185,33.738599891662595,34.05369997024536,281958.3333333333
2019-05-17,29.959999084472656,28.8700008392334,29.63999938964844,28.96999931335449,231100,28.96999931335449,29.26666641235352,-137.0370072102003,32.10899982452393,32.939749813079835,33.63259986877441,34.045599956512454,282021.6666666667
2019-05-20,29.20000076293945,28.18000030517578,28.770000457763672,28.739999771118164,175700,28.739999771118164,28.70666694641113,-132.97868814693584,31.854499721527098,32.77774977684021,33.53399990081787,34.03649995803833,282130.0
2019-05-21,29.479999542236328,28.770000457763672,28.90999984741211,29.0,164500,29.0,29.08333333333333,-44.497826359685746,31.586999797821044,32.647499799728394,33.41079990386963,34.01259996414185,281903.3333333333
2019-05-22,28.79999923706055,27.71999931335449,28.79999923706055,28.149999618530273,262900,28.149999618530273,28.223332722981766,-118.8935327109558,31.276999855041502,32.499749755859376,33.250799865722655,33.98299995422363,283158.3333333333
2019-05-23,28.190000534057607,27.1299991607666,27.53000068664551,27.31999969482422,319500,27.31999969482422,27.54666646321614,-124.77539677540823,30.97599983215332,32.35124979019165,33.0689998626709,33.94019994735718,285418.3333333333
2019-05-24,27.739999771118164,26.709999084472656,27.6299991607666,27.239999771118164,236300,27.239999771118164,27.229999542236328,-100.47640753053213,30.633999729156493,32.18599982261658,32.87879985809326,33.89549995422363,286146.6666666667
2019-05-28,27.45000076293945,26.79999923706055,27.26000022888184,27.1200008392334,263300,27.1200008392334,27.123333613077804,-73.68633172597215,30.296499824523927,32.00849981307984,32.673599853515626,33.843099956512454,287471.6666666667
2019-05-29,27.25,26.466999053955078,26.79999923706055,26.76000022888184,205700,26.76000022888184,26.825666427612305,-94.93361424879984,29.93949975967407,31.822999811172487,32.45739986419678,33.79579996109009,285100.0
2019-05-30,27.18000030517578,26.31999969482422,26.8799991607666,26.399999618530273,224100,26.399999618530273,26.63333320617676,-106.74520432532957,29.624999809265137,31.65099983215332,32.23359985351563,33.73219997406006,284261.6666666667
2019-05-31,26.29999923706055,25.60000038146973,25.920000076293945,26.21999931335449,279800,26.21999931335449,26.039999643961593,-140.3232555361682,29.34499979019165,31.491749811172486,32.01859981536865,33.66999998092651,284575.0
2019-06-03,26.815000534057607,26.059999465942386,26.489999771118164,26.690000534057607,239300,26.690000534057607,26.521666844685868,-25.65693344634776,29.033499908447265,31.326999855041503,31.824599838256837,33.6103999710083,283878.3333333333
2019-06-04,27.809999465942386,26.86000061035156,27.04999923706055,27.440000534057607,226400,27.440000534057607,27.370000203450516,137.37329347660298,28.746499919891356,31.17649989128113,31.668999824523926,33.559099979400635,284678.3333333333
2019-06-05,27.709999084472656,26.34000015258789,27.54999923706055,26.440000534057607,225400,26.440000534057607,26.82999992370605,29.889137715018453,28.473999977111816,30.999499893188478,31.513599853515625,33.49719997406006,280476.6666666667
2019-06-06,26.68000030517578,25.899999618530273,26.46999931335449,26.40999984741211,332300,26.40999984741211,26.32999992370605,-49.88465932757817,28.236999988555908,30.823999881744385,31.360599822998047,33.42969997406006,280190.0
2019-06-07,27.0,26.10000038146973,26.38999938964844,26.61000061035156,165800,26.61000061035156,26.570000330607094,-34.235389191407705,28.03450002670288,30.63799991607666,31.227599868774416,33.37189998626709,278353.3333333333
2019-06-10,27.190000534057607,26.45000076293945,26.60000038146973,26.5,168600,26.5,26.713333765665695,-12.18702526339255,27.77849998474121,30.457249927520753,31.080599899291993,33.317399978637695,278233.3333333333
2019-06-11,27.40999984741211,26.68000030517578,26.68000030517578,26.88999938964844,215900,26.88999938964844,26.993333180745438,107.44375061948698,27.63799991607666,30.276999950408936,30.9339998626709,33.25869998931885,271243.3333333333
2019-06-12,26.739999771118164,25.69899940490723,26.35000038146973,25.84000015258789,195000,25.84000015258789,26.092999776204422,-113.40031730403958,27.431999969482423,30.079999923706055,30.76719985961914,33.17680000305176,270303.3333333333
2019-06-13,26.114999771118164,25.309999465942386,25.95000076293945,25.53000068664551,395900,25.53000068664551,25.65166664123535,-117.90321769045437,27.2125,29.858749914169312,30.612199897766114,33.091200008392335,272956.6666666667
2019-06-14,25.45499992370605,24.78000068664551,25.35000038146973,25.10000038146973,293700,25.10000038146973,25.11166699727376,-112.60608670925293,26.96850004196167,29.645249938964845,30.46239990234375,33.003400001525875,273701.6666666667
2019-06-17,25.684999465942386,24.94499969482422,25.040000915527344,25.420000076293945,367500,25.420000076293945,25.34999974568685,-58.05726030903075,26.791000080108642,29.449999952316283,30.30519992828369,32.90929998397827,275016.6666666667
2019-06-18,27.01000022888184,25.68000030517578,25.68000030517578,26.04999923706055,288000,26.04999923706055,26.246666590372726,96.69380894519252,26.65650005340576,29.25549988746643,30.15699993133545,32.83149995803833,276251.6666666667
2019-06-19,26.84000015258789,26.09000015258789,26.170000076293945,26.38999938964844,275500,26.38999938964844,26.439999898274735,97.14285683145245,26.526000022888184,29.056499910354614,30.014399909973143,32.74839994430542,274433.3333333333
2019-06-20,27.34000015258789,26.670000076293945,26.95000076293945,26.68000030517578,277700,26.68000030517578,26.896666844685868,95.05963327650282,26.45250005722046,28.864749956130982,29.879399909973145,32.669499950408934,274493.3333333333
2019-06-21,27.3799991607666,26.46999931335449,26.46999931335449,27.270000457763672,744800,27.270000457763672,27.039999643961593,90.18069488255951,26.450000095367432,28.712999963760375,29.74379993438721,32.60009996414185,281998.3333333333
2019-06-24,27.29999923706055,26.34000015258789,27.20000076293945,26.399999618530273,293500,26.399999618530273,26.679999669392906,5.076980829606128,26.40800008773804,28.520999908447266,29.597199935913086,32.51339996337891,283086.6666666667
2019-06-25,26.40999984741211,25.13999938964844,26.31999969482422,25.21999931335449,207000,25.21999931335449,25.58999951680501,-152.19271923638615,26.313000011444093,28.304749917984008,29.419599952697755,32.410299968719485,279753.3333333333
2019-06-26,25.79999923706055,24.92499923706055,25.3799991607666,25.54999923706055,221000,25.54999923706055,25.42499923706055,-91.7294367788613,26.252499961853026,28.09599986076355,29.2561999130249,32.31729997634888,277826.6666666667
2019-06-27,26.084999084472656,25.190000534057607,25.690000534057607,26.04999923706055,163300,26.04999923706055,25.774999618530273,-35.949853458221114,26.23499994277954,27.92999987602234,29.08959987640381,32.224799976348876,274941.6666666667
2019-06-28,27.01000022888184,26.040000915527344,26.07999992370605,26.61000061035156,719600,26.61000061035156,26.553333918253585,74.70958142866938,26.254500007629396,27.799749898910523,28.94899990081787,32.13769998550415,280700.0
2019-07-01,27.07999992370605,26.26000022888184,27.07999992370605,26.70000076293945,315300,26.70000076293945,26.68000030517578,91.95712583616552,26.255000019073485,27.644249963760377,28.818399925231933,32.057499980926515,281010.0
2019-07-02,26.815000534057607,25.36000061035156,26.71999931335449,25.420000076293945,265300,25.420000076293945,25.865000406901046,-29.12419889419445,26.153999996185302,27.45024995803833,28.65019989013672,31.968299980163575,277908.3333333333
2019-07-03,25.75,25.03000068664551,25.489999771118164,25.70000076293945,109600,25.70000076293945,25.49333381652832,-88.95699694640938,26.117000007629393,27.295499992370605,28.477199935913085,31.892999992370605,273925.0
2019-07-05,25.989999771118164,25.420000076293945,25.45000076293945,25.940000534057607,152100,25.940000534057607,25.783333460489914,-44.87182873004959,26.09350004196167,27.16525001525879,28.308999977111817,31.807499980926515,271378.3333333333
2019-07-08,26.395000457763672,25.6200008392334,25.770000457763672,25.81999969482422,360500,25.81999969482422,25.945000330607094,-1.9113150515984616,26.053999996185304,27.044250011444092,28.158599967956544,31.72329996109009,272800.0
2019-07-09,25.85000038146973,25.059999465942386,25.71999931335449,25.57999992370605,188300,25.57999992370605,25.496666590372726,-82.70687222812816,26.007999992370607,26.893249988555908,27.98859992980957,31.6253999710083,270528.3333333333
2019-07-10,26.10000038146973,25.26000022888184,25.809999465942386,25.559999465942386,220900,25.559999465942386,25.64000002543132,-13.708576141774476,25.941499996185303,26.789749956130983,27.822399940490723,31.522499980926515,270321.6666666667
2019-07-11,25.96999931335449,25.10000038146973,25.6299991607666,25.190000534057607,163700,25.190000534057607,25.420000076293945,-95.33381699858202,25.90900001525879,26.670499992370605,27.648199920654296,31.413899993896486,268693.3333333333
2019-07-12,25.649999618530273,25.059999465942386,25.25,25.309999465942386,206600,25.309999465942386,25.33999951680501,-84.88237318388354,25.897999954223632,26.555249977111817,27.500599937438963,31.30260000228882,266980.0
2019-07-15,25.70000076293945,24.479999542236328,25.34000015258789,24.53000068664551,234100,24.53000068664551,24.90333366394043,-159.67350110883825,25.869499969482423,26.419000005722047,27.35479995727539,31.177099990844727,264315.0
2019-07-16,24.78499984741211,24.229999542236328,24.399999618530273,24.43000030517578,150100,24.43000030517578,24.48166656494141,-121.15780683445406,25.819999980926514,26.305500030517578,27.185,31.047399978637696,261138.33333333334
2019-07-17,24.690000534057607,24.239999771118164,24.690000534057607,24.29999923706055,181200,24.29999923706055,24.40999984741211,-89.01923119503051,25.732499980926512,26.19450001716614,27.007399978637697,30.91799995422363,261486.66666666666
2019-07-18,24.32999992370605,23.020000457763672,24.25,23.28000068664551,483900,23.28000068664551,23.54333368937175,-141.11676323840626,25.577000045776366,26.051500034332275,26.835200004577636,30.781099948883057,265003.3333333333
2019-07-19,23.790000915527344,22.65999984741211,23.18000030517578,23.6200008392334,667500,23.6200008392334,23.35666720072429,-94.62182854728776,25.42400007247925,25.938250064849854,26.6846000289917,30.64469997406006,272546.6666666667
2019-07-22,24.20000076293945,23.1200008392334,23.68000030517578,23.149999618530273,301200,23.149999618530273,23.490000406901046,-51.78588402306938,25.21800003051758,25.834000062942504,26.53440002441406,30.49299997329712,274001.6666666667
2019-07-23,23.25,22.500999450683594,23.25,22.989999771118164,494600,22.989999771118164,22.91366640726725,-120.80719238662077,25.04750003814697,25.727750062942505,26.36180000305176,30.343399963378907,280500.0
2019-07-24,23.43000030517578,22.84000015258789,22.95000076293945,23.32999992370605,354700,23.32999992370605,23.20000012715657,-34.41756034151337,24.95300006866455,25.63300004005432,26.23439998626709,30.19299997329712,284540.0
2019-07-25,23.53000068664551,22.290000915527344,23.399999618530273,22.3700008392334,303000,22.3700008392334,22.73000081380208,-107.53297046736112,24.794000148773193,25.52325005531311,26.082600021362303,30.040599975585938,285455.0
2019-07-26,22.60000038146973,21.520000457763672,22.450000762939453,22.32999992370605,456200,22.32999992370605,22.150000254313156,-136.24539878439057,24.608000183105467,25.421500062942506,25.930800018310546,29.889799976348876,285598.3333333333
2019-07-29,22.38999938964844,21.68000030517578,22.290000915527344,21.790000915527344,225800,21.790000915527344,21.953333536783852,-98.57220001921532,24.36700019836426,25.310750102996828,25.767000045776367,29.752799968719483,285878.3333333333
2019-07-30,22.09000015258789,21.32999992370605,21.61000061035156,21.96999931335449,261200,21.96999931335449,21.79666646321614,-79.20611517458762,24.13050012588501,25.19275007247925,25.627000045776366,29.62979995727539,285470.0
2019-07-31,22.19499969482422,21.3799991607666,21.84000015258789,21.489999771118164,243100,21.489999771118164,21.688332875569657,-83.11193584467614,23.934000110626222,25.04400005340576,25.482000045776367,29.507999973297117,286106.6666666667
2019-08-01,21.5,20.100000381469727,21.450000762939453,20.63999938964844,408800,20.63999938964844,20.746666590372726,-166.6666666666644,23.68100004196167,24.899000024795534,25.314800033569338,29.362799968719482,289580.0
2019-08-02,20.86000061035156,19.940000534057614,20.600000381469727,20.170000076293945,413000,20.170000076293945,20.32333374023437,-106.34055917339,23.392500019073488,24.743000030517578,25.15520004272461,29.202999954223632,290233.3333333333
2019-08-05,19.770000457763672,18.739999771118164,19.709999084472656,19.1299991607666,593800,19.1299991607666,19.21333312988281,-129.8107010437416,23.057999992370604,24.555999994277954,24.991400032043458,29.03019994735718,292905.0
2019-08-06,20.07999992370605,18.13999938964844,20.07999992370605,18.75,591700,18.75,18.989999771118164,-91.86532207927696,22.716499996185302,24.362249994277953,24.821600036621092,28.85019994735718,297685.0
2019-08-07,18.799999237060547,17.860000610351562,18.56999969482422,18.170000076293945,378500,18.170000076293945,18.27666664123535,-100.27098405132134,22.34700002670288,24.144250011444093,24.642600021362306,28.658099937438966,298398.3333333333
2019-08-08,18.84000015258789,18.030000686645508,18.790000915527344,18.13999938964844,368600,18.13999938964844,18.336666742960613,-77.81778161670957,21.994499969482423,23.951749992370605,24.470200004577638,28.463799934387207,298986.6666666667
2019-08-09,18.13999938964844,17.649999618530273,18.1299991607666,17.780000686645508,401100,17.780000686645508,17.856666564941406,-99.6472880677489,21.618000030517578,23.757999992370607,24.297800025939942,28.26569993972778,301870.0
2019-08-12,17.799999237060547,16.780000686645508,17.6299991607666,17.389999389648438,340500,17.389999389648438,17.323333104451493,-122.54902455770737,21.260999965667725,23.565249967575074,24.12120002746582,28.069899921417235,303566.6666666667
2019-08-13,18.31999969482422,17.120000839233402,17.180000305175778,17.290000915527347,520700,17.290000915527347,17.576667149861652,-57.26750795732462,20.903999996185302,23.361999988555908,23.933200035095215,27.878899936676024,308393.3333333333
2019-08-14,17.309999465942386,16.565000534057614,16.920000076293945,16.899999618530273,560600,16.899999618530273,16.924999872843426,-114.71718385393093,20.53400001525879,23.13324999809265,23.72240001678467,27.695699920654295,314808.3333333333
2019-08-15,17.139999389648438,16.350000381469727,16.860000610351562,16.639999389648438,342000,16.639999389648438,16.709999720255535,-102.77276203121329,20.201999950408936,22.889499998092653,23.526399993896483,27.519999923706056,317766.6666666667
2019-08-16,17.399999618530273,16.459999084472653,16.709999084472653,17.25,408800,17.25,17.036666234334312,-19.281759067882923,19.883499908447266,22.653749990463258,23.343199996948243,27.351899909973145,320198.3333333333
2019-08-19,18.1299991607666,17.299999237060547,17.549999237060547,18.049999237060547,449800,18.049999237060547,17.8266658782959,104.73733069997557,19.628499889373778,22.42324995994568,23.17199996948242,27.199799919128417,322370.0
2019-08-20,18.299999237060547,17.579999923706055,17.860000610351562,17.860000610351562,322800,17.860000610351562,17.913333257039387,89.47821366837644,19.37199993133545,22.20974998474121,22.999199981689454,27.039899940490724,323811.6666666667
2019-08-21,18.56999969482422,17.6200008392334,18.149999618530273,17.639999389648438,311600,17.639999389648438,17.94333330790202,62.2053321218196,19.08749990463257,22.020249986648558,22.814199981689452,26.874099922180175,324616.6666666667
2019-08-22,17.760000228881836,17.055000305175778,17.639999389648438,17.059999465942386,309100,17.059999465942386,17.291666666666668,-59.08452575887984,18.82199983596802,21.807999992370604,22.638599967956544,26.702899913787842,326340.0
2019-08-23,17.0,16.219999313354492,17.0,16.420000076293945,333400,16.420000076293945,16.546666463216145,-136.38092322138692,18.526499843597414,21.56725001335144,22.45639995574951,26.53429992675781,328161.6666666667
2019-08-26,16.629999160766598,15.960000038146973,16.620000839233402,16.579999923706055,235000,16.579999923706055,16.389999707539875,-92.05254130312643,18.265999794006348,21.316499996185303,22.285999946594238,26.374199924468993,327415.0
2019-08-27,16.780000686645508,16.040000915527347,16.670000076293945,16.149999618530273,311800,16.149999618530273,16.323333740234375,-66.76713392799141,17.974999809265135,21.052749967575075,22.100599937438965,26.202899932861328,328623.3333333333
2019-08-28,16.809999465942386,15.920000076293945,16.510000228881836,16.379999160766598,262400,16.379999160766598,16.369999567667644,-50.50274029270635,17.719499778747558,20.82674994468689,21.907199935913084,26.032099933624266,329223.3333333333
2019-08-29,16.899999618530273,16.495000839233402,16.59000015258789,16.719999313354492,202500,16.719999313354492,16.704999923706055,124.86887393432035,17.523499774932862,20.602249908447266,21.713799934387207,25.864099922180177,328841.6666666667
2019-08-30,17.209999084472653,16.469999313354492,16.860000610351562,16.760000228881836,338900,16.760000228881836,16.81333287556966,102.2330185563535,17.352999782562257,20.372749900817873,21.515399932861328,25.697399921417237,328951.6666666667
2019-09-03,16.854999542236328,16.079999923706055,16.440000534057614,16.350000381469727,259600,16.350000381469727,16.428333282470707,-35.92886011438095,17.213999843597414,20.13599991798401,21.29699993133545,25.520399932861327,330515.0
2019-09-04,17.100000381469727,16.569999694824222,16.670000076293945,16.670000076293945,194800,16.670000076293945,16.780000050862633,60.812594831981755,17.10999984741211,19.913249921798705,21.102399940490724,25.349799938201905,330951.6666666667
2019-09-05,17.299999237060547,16.59000015258789,16.920000076293945,16.600000381469727,344000,16.600000381469727,16.829999923706055,68.3564288149322,17.0314998626709,19.68924994468689,20.929999961853028,25.17479995727539,333086.6666666667
2019-09-06,16.809999465942386,16.379999160766598,16.610000610351562,16.579999923706055,291700,16.579999923706055,16.589999516805012,-45.73654799235688,16.95349988937378,19.4739999294281,20.75059997558594,25.00339994430542,334698.3333333333
2019-09-09,17.559999465942386,16.329999923706055,16.709999084472653,17.479999542236328,362000,17.479999542236328,17.123332977294922,128.88724853741942,16.93849983215332,19.27824993133545,20.579199981689452,24.83439992904663,334133.3333333333
2019-09-10,18.549999237060547,17.34000015258789,17.489999771118164,18.520000457763672,380700,18.520000457763672,18.136666615804035,161.81332689199638,16.994999885559082,19.127999925613402,20.417399978637697,24.683199939727782,335583.3333333333
2019-09-11,19.200000762939453,18.21999931335449,18.729999542236328,18.38999938964844,338400,18.38999938964844,18.60333315531413,104.62286257770774,17.049999809265138,18.97699990272522,20.251199951171873,24.534799938201903,335098.3333333333
2019-09-12,18.399999618530273,17.239999771118164,18.170000076293945,17.420000076293945,432600,17.420000076293945,17.68666648864746,6.338237350336213,17.07599983215332,18.804999923706056,20.091199951171873,24.370699920654296,337508.3333333333
2019-09-13,17.920000076293945,17.059999465942386,17.6200008392334,17.25,371500,17.25,17.40999984741211,-55.074960222323945,17.106499862670898,18.654249906539917,19.922199935913085,24.199699935913085,339108.3333333333
2019-09-16,17.790000915527344,17.059999465942386,17.790000915527344,17.440000534057614,258100,17.440000534057614,17.430000305175778,-68.2795208690401,17.11599988937378,18.499749898910522,19.752199935913087,24.03059995651245,338781.6666666667
2019-09-17,17.670000076293945,17.09000015258789,17.260000228881836,17.440000534057614,316900,17.440000534057614,17.400000254313152,-56.83503343882994,17.085499954223632,18.356999921798707,19.584599952697754,23.87159996032715,331650.0
2019-09-18,17.610000610351562,16.559999465942386,17.309999465942386,16.899999618530273,292700,16.899999618530273,17.023333231608074,-166.66666666666103,17.03749990463257,18.20474991798401,19.410999946594238,23.699799938201906,331636.6666666667
2019-09-19,17.219999313354492,16.690000534057614,16.969999313354492,16.709999084472653,311400,16.709999084472653,16.873332977294922,-105.73478744435064,16.99099988937378,18.039249897003174,19.233999938964843,23.528199939727784,333376.6666666667
2019-09-20,17.049999237060547,16.049999237060547,16.770000457763672,16.379999160766598,738200,16.379999160766598,16.493332544962563,-123.68973464862827,16.95699987411499,17.889499855041503,19.057799911499025,23.35299991607666,341996.6666666667
2019-09-23,16.739999771118164,16.149999618530273,16.239999771118164,16.469999313354492,239400,16.469999313354492,16.453332901000973,-87.77378729320438,16.959499835968018,17.742999839782716,18.880999908447265,23.190799922943114,343265.0
2019-09-24,16.579999923706055,15.510000228881836,16.389999389648438,15.539999961853027,407100,15.539999961853027,15.87666670481364,-137.5376758918034,16.907499837875367,17.586749815940856,18.701199893951415,23.027999925613404,338056.6666666667
2019-09-25,16.15999984741211,15.420000076293945,15.489999771118164,15.90999984741211,245200,15.90999984741211,15.829999923706055,-87.63521501513605,16.895499849319457,17.435249829292296,18.530799884796142,22.85789994239807,336888.3333333333
2019-09-26,16.020000457763672,15.449999809265135,15.850000381469727,15.729999542236328,398300,15.729999542236328,15.733333269755043,-72.39059333792878,16.862999868392944,17.29124982357025,18.35939989089966,22.683399934768676,339105.0
2019-09-27,16.030000686645508,15.460000038146973,15.649999618530273,15.489999771118164,280000,15.489999771118164,15.660000165303547,-76.98605443702756,16.80149989128113,17.162499833106995,18.203599872589113,22.519399938583373,341945.0
2019-09-30,15.949999809265135,15.109999656677244,15.399999618530273,15.630000114440918,385400,15.630000114440918,15.563333193461098,-116.62086576833009,16.744999885559082,17.04899983406067,18.043799858093262,22.36419994354248,345833.3333333333
2019-10-01,16.129999160766598,14.359999656677244,15.710000038146973,14.56999969482422,530700,14.56999969482422,15.019999504089355,-166.6666666666623,16.655999851226806,16.934999847412108,17.87219985961914,22.203299942016603,348670.0
2019-10-02,14.720000267028807,14.220000267028807,14.4399995803833,14.529999732971193,269500,14.529999732971193,14.490000089009605,-124.35495116696198,16.54899983406067,16.82949984073639,17.702999858856202,22.03239993095398,350023.3333333333
2019-10-03,14.760000228881836,14.039999961853027,14.4399995803833,14.670000076293945,265300,14.670000076293945,14.490000089009605,-81.52064219668884,16.45249981880188,16.74199984073639,17.52979986190796,21.882099924087523,350763.3333333333
2019-10-04,14.93000030517578,14.399999618530273,14.729999542236328,14.65999984741211,337300,14.65999984741211,14.663333257039387,-33.98059289653719,16.35649981498718,16.65499985218048,17.375599842071534,21.72909993171692,353656.6666666667
2019-10-07,14.739999771118164,14.199999809265135,14.649999618530273,14.380000114440918,240400,14.380000114440918,14.439999898274742,-68.12474435009146,16.20149984359741,16.569999837875365,17.21659984588623,21.57369993209839,354220.0
2019-10-08,14.329999923706055,13.8100004196167,14.229999542236328,14.020000457763672,379700,14.020000457763672,14.053333600362144,-166.6666666666583,15.976499843597413,16.485749864578246,17.061199836730957,21.414099941253664,356646.6666666667
2019-10-09,14.470000267028807,14.0,14.1899995803833,14.380000114440918,154400,14.380000114440918,14.283333460489906,-39.30576750359144,15.775999879837036,16.412999844551088,16.909399852752685,21.268199949264528,356718.3333333333
2019-10-10,14.989999771118164,14.40999984741211,14.579999923706055,14.739999771118164,283100,14.739999771118164,14.713333129882812,89.79246197650521,15.641999864578247,16.358999848365784,16.774399852752687,21.128199949264527,358416.6666666667
2019-10-11,15.920000076293945,14.9399995803833,15.0,15.4399995803833,409400,15.4399995803833,15.43333307902018,144.72489520745953,15.551499843597412,16.328999853134157,16.670399856567382,20.99259994506836,357175.0
2019-10-14,15.729999542236328,15.050000190734865,15.270000457763672,15.31999969482422,271900,15.31999969482422,15.366666475931805,78.92416526100747,15.445499801635743,16.28074984550476,16.57339984893799,20.8642999458313,350581.6666666667
2019-10-15,16.049999237060547,15.130000114440918,15.279999732971193,15.380000114440918,206800,15.380000114440918,15.519999821980797,67.35497208556525,15.342499780654908,16.21399986743927,16.498399868011475,20.744899950027467,349008.3333333333
2019-10-16,16.379999160766598,15.260000228881836,15.380000114440918,15.369999885559082,415500,15.369999885559082,15.669999758402504,87.49556607311493,15.265999794006348,16.151749849319458,16.430799865722655,20.626199951171873,347690.0
2019-10-17,15.640000343322756,14.920000076293945,15.43000030517578,15.020000457763672,219100,15.020000457763672,15.193333625793455,-128.0700384193717,15.181499862670899,16.08624987602234,16.36779987335205,20.505199947357177,345430.0
2019-10-18,15.06999969482422,14.300000190734865,15.0,14.300000190734865,230300,14.300000190734865,14.556666692097984,-151.99891702910531,15.077499914169312,16.01724989414215,16.29099988937378,20.380599946975707,344218.3333333333
2019-10-21,14.864999771118164,14.350000381469727,14.369999885559082,14.5,170100,14.5,14.571666717529295,-82.17198099684168,14.978999948501587,15.969249892234803,16.225399875640868,20.261599950790405,339450.0
2019-10-22,14.880000114440918,14.19499969482422,14.529999732971193,14.649999618530273,303200,14.649999618530273,14.574999809265135,-54.394451198186815,14.934499931335449,15.920999884605408,16.170599880218507,20.145899953842164,340740.0
2019-10-23,15.15999984741211,14.369999885559082,14.649999618530273,15.0,221500,15.0,14.84333324432373,29.387545291681267,14.888999938964844,15.89224989414215,16.12479986190796,20.028999948501585,340078.3333333333
2019-10-24,15.239999771118164,14.449999809265135,15.130000114440918,14.640000343322756,183700,14.640000343322756,14.776666641235352,64.220200208928,14.834499979019165,15.848749923706055,16.079599876403808,19.90099994659424,339088.3333333333
2019-10-25,14.800000190734865,14.460000038146973,14.529999732971193,14.5,186400,14.5,14.586666742960613,-50.239175319505186,14.784999990463257,15.793249940872192,16.03679988861084,19.781599941253663,335381.6666666667
2019-10-28,14.670000076293945,14.329999923706055,14.520000457763672,14.550000190734865,200400,14.550000190734865,14.516666730244957,-79.26825185266114,14.730999994277955,15.737999939918518,15.982799892425538,19.662999944686888,331838.3333333333
2019-10-29,14.40999984741211,13.630000114440918,14.350000381469727,14.010000228881836,469900,14.010000228881836,14.016666730244957,-157.38547808393855,14.703000020980834,15.67949993610382,15.901999912261964,19.536999940872192,329773.3333333333
2019-10-30,13.989999771118164,13.520000457763672,13.960000038146973,13.539999961853027,308400,13.539999961853027,13.68333339691162,-113.1378169034365,14.653500032424926,15.601249933242798,15.815599899291993,19.407399940490723,325051.6666666667
2019-10-31,13.510000228881836,12.920000076293945,13.5,13.229999542236328,493700,13.229999542236328,13.219999949137367,-118.243928336197,14.581500005722045,15.516999912261962,15.72739990234375,19.270799942016602,326971.6666666667
2019-11-01,13.789999961853027,13.25,13.31999969482422,13.489999771118164,481600,13.489999771118164,13.509999910990395,-48.76630608635258,14.523000001907349,15.439749908447265,15.655999908447265,19.147299938201904,328855.0
2019-11-04,14.029999732971193,13.34000015258789,13.800000190734865,13.93000030517578,496000,13.93000030517578,13.766666730244957,38.67963230748353,14.500500011444093,15.350999927520752,15.606199913024902,19.031299934387206,330436.6666666667
2019-11-05,14.38700008392334,11.970000267028807,12.84000015258789,13.630000114440918,713800,13.630000114440918,13.329000155131023,-63.35235787222887,14.480999994277955,15.228749918937684,15.547199916839599,18.91659993171692,336658.3333333333
2019-11-06,13.75,12.880000114440918,13.520000457763672,12.989999771118164,482600,12.989999771118164,13.206666628519692,-71.80853373154373,14.411499977111816,15.093749928474427,15.483999919891357,18.792299928665162,336023.3333333333
2019-11-07,13.420000076293945,12.899999618530273,13.25,13.279999732971193,308300,13.279999732971193,13.199999809265135,-71.53293932047006,14.338499975204467,14.990249919891358,15.42199993133545,18.664599933624267,331818.3333333333
2019-11-08,13.5600004196167,13.0,13.079999923706055,13.25,315200,13.25,13.27000013987223,-34.152735331412394,14.228999996185303,14.890249919891357,15.35259994506836,18.533199939727783,331371.6666666667
2019-11-11,13.095000267028807,12.529999732971193,13.050000190734865,12.710000038146973,447900,12.710000038146973,12.778333346048989,-166.66666666666114,14.09850001335144,14.77199990749359,15.271599941253662,18.393499937057495,332023.3333333333
2019-11-12,12.789999961853027,12.199999809265135,12.6899995803833,12.260000228881836,731500,12.260000228881836,12.416666666666664,-123.32301711583042,13.942500019073487,14.642499899864196,15.189799938201904,18.243399934768675,336718.3333333333
2019-11-13,12.289999961853027,11.734999656677244,12.149999618530273,12.0,388700,12.0,12.008333206176758,-115.91659511319249,13.774000024795532,14.51999990940094,15.096399936676026,18.099399938583375,337816.6666666667
2019-11-14,12.170000076293945,11.800000190734865,11.970000267028807,11.81999969482422,480800,11.81999969482422,11.92999998728434,-84.4321691508972,13.61399998664856,14.39774992465973,15.000799922943115,17.965399942398072,340636.6666666667
2019-11-15,12.739999771118164,11.920000076293945,12.109999656677244,12.260000228881836,711600,12.260000228881836,12.306666692097984,4.8789099685417,13.511999988555909,14.29474995136261,14.914399929046631,17.832499952316283,347345.0
2019-11-18,12.274999618530273,11.845000267028807,12.199999809265135,12.100000381469727,534200,12.100000381469727,12.073333422342934,-28.597269589190297,13.392000007629395,14.18549997806549,14.8067999458313,17.692999963760375,350691.6666666667
2019-11-19,12.25,11.710000038146973,12.140000343322756,12.09000015258789,485800,12.09000015258789,12.016666730244957,-34.10112269044623,13.264000034332275,14.099249982833863,14.678199939727783,17.54779995918274,354871.6666666667
2019-11-20,12.18000030517578,11.8100004196167,12.06999969482422,11.9399995803833,514500,11.9399995803833,11.97666676839193,-54.12367861011968,13.11100001335144,13.999999976158142,14.549199943542481,17.400199947357176,358250.0
2019-11-21,12.329999923706055,11.770000457763672,11.890000343322756,12.220000267028807,296700,12.220000267028807,12.106666882832847,8.03221503552342,12.990000009536743,13.912249994277953,14.445199947357178,17.268199949264528,358821.6666666667
2019-11-22,12.850000381469727,12.220000267028807,12.239999771118164,12.65999984741211,296700,12.65999984741211,12.576666831970215,166.66666666667086,12.898000001907349,13.841499996185302,14.35339994430542,17.137799940109254,360391.6666666667
2019-11-25,13.31999969482422,12.65999984741211,12.670000076293945,13.229999542236328,290400,13.229999542236328,13.06999969482422,126.69945375641045,12.831999969482421,13.781499981880188,14.269199924468994,17.01069993019104,359583.3333333333
2019-11-26,13.350000381469727,13.020000457763672,13.220000267028807,13.149999618530273,342600,13.149999618530273,13.173333485921226,91.29188372605586,12.788999938964844,13.74599997997284,14.183399906158447,16.8839999294281,360966.6666666667
2019-11-27,13.484999656677244,13.0600004196167,13.199999809265135,13.18000030517578,214800,13.18000030517578,13.241666793823242,69.10571732199233,12.770999956130982,13.712249994277954,14.108999919891357,16.7599999332428,361300.0
2019-11-29,13.067999839782715,12.5,13.029999732971193,12.760000228881836,201200,12.760000228881836,12.776000022888185,-54.81152228620778,12.747499990463258,13.664499998092651,14.029999942779542,16.63199994087219,358920.0
2019-12-02,12.989999771118164,12.25,12.800000190734865,12.600000381469727,414500,12.600000381469727,12.613333384195965,-107.5224028208288,12.703000020980834,13.613000011444091,13.954399967193604,16.506099939346313,360966.6666666667
2019-12-03,12.770000457763672,12.25,12.460000038146973,12.710000038146973,304700,12.710000038146973,12.576666831970215,-75.34290148398354,12.642000007629395,13.571250009536744,13.879199981689453,16.38009994506836,360011.6666666667
2019-12-04,13.039999961853027,12.619999885559082,12.800000190734865,12.729999542236328,227600,12.729999542236328,12.796666463216145,-1.5881106704249552,12.596999979019165,13.538999986648559,13.822999973297119,16.262099933624267,357460.0
2019-12-05,12.890000343322756,12.600000381469727,12.75,12.789999961853027,274300,12.789999961853027,12.760000228881836,42.19938420354116,12.586999988555908,13.499249982833863,13.760599975585938,16.14569993019104,356391.6666666667
2019-12-06,13.229999542236328,12.869999885559082,12.869999885559082,13.109999656677244,255200,13.109999656677244,13.06999969482422,150.32686766161004,12.57849998474121,13.458499979972839,13.708199977874756,16.033799934387208,353435.0
2019-12-09,13.529999732971193,13.140000343322756,13.18000030517578,13.34000015258789,375300,13.34000015258789,13.336666742960613,120.95567314433744,12.582999992370606,13.405999994277954,13.66519998550415,15.93439992904663,353498.3333333333
2019-12-10,13.630000114440918,13.130000114440918,13.329999923706055,13.359999656677244,301000,13.359999656677244,13.37333329518636,88.23531568570104,12.61549997329712,13.35699999332428,13.619799976348878,15.831799917221069,354213.3333333333
2019-12-11,13.81999969482422,13.239999771118164,13.40999984741211,13.359999656677244,373300,13.359999656677244,13.473333040873207,78.4085940467018,12.67049994468689,13.306499981880188,13.595599975585937,15.733899917602539,355153.3333333333
2019-12-12,14.31999969482422,13.329999923706055,13.479999542236328,14.199999809265135,355000,14.199999809265135,13.949999809265135,156.62160661527506,12.780499935150146,13.27724997997284,13.588999977111817,15.645999917984009,356191.6666666667
2019-12-13,14.329999923706055,13.539999961853027,14.18000030517578,13.600000381469727,336900,13.600000381469727,13.823333422342934,65.46279464874826,12.869499969482423,13.24174997806549,13.567599983215333,15.548699922561646,356616.6666666667
2019-12-16,14.9399995803833,13.770000457763672,13.770000457763672,14.630000114440918,580000,14.630000114440918,14.446666717529295,135.32763161205364,12.987999963760377,13.249999976158142,13.566999988555908,15.47129991531372,353980.0
2019-12-17,14.880000114440918,14.390000343322756,14.609999656677244,14.630000114440918,521000,14.630000114440918,14.633333524068195,99.71910817817788,13.114499950408936,13.253249979019165,13.571999988555909,15.394299917221069,358673.3333333333
2019-12-18,14.949999809265135,14.420000076293945,14.579999923706055,14.850000381469727,476200,14.850000381469727,14.740000089009605,81.27571032286669,13.252499961853028,13.258249998092651,13.58859998703003,15.324899911880493,359825.0
2019-12-19,14.989999771118164,14.449999809265135,14.850000381469727,14.520000457763672,454800,14.520000457763672,14.653333346048989,49.84581612578777,13.381500005722046,13.246250009536743,13.591399993896484,15.250399923324585,363318.3333333333
2019-12-20,14.81999969482422,14.380000114440918,14.550000190734865,14.579999923706055,1191100,14.579999923706055,14.59333324432373,-17.85725436233872,13.499499988555907,13.244749999046325,13.588199996948243,15.181299924850464,376531.6666666667
2019-12-23,14.87399959564209,14.369999885559082,14.619999885559082,14.75,248000,14.75,14.664666493733726,14.19449795157926,13.603999996185303,13.250999999046325,13.574400005340577,15.12239993095398,375998.3333333333
2019-12-24,14.949999809265135,14.619999885559082,14.75,14.829999923706055,130900,14.829999923706055,14.799999872843426,114.68772031946816,13.684000015258789,13.257999992370605,13.564600009918212,15.0689999294281,371756.6666666667
2019-12-26,15.149999618530273,14.68000030517578,14.850000381469727,14.869999885559082,242900,14.869999885559082,14.899999936421715,115.95339770967756,13.77000002861023,13.279499983787536,13.554400005340575,15.026399936676025,366960.0
2019-12-27,15.140000343322756,14.8100004196167,14.970000267028807,14.84000015258789,240700,14.84000015258789,14.93000030517578,85.46446310576289,13.853000020980835,13.311999988555907,13.543800010681153,14.987299938201904,366480.0
2019-12-30,15.0,14.420000076293945,14.890000343322756,14.470000267028807,312200,14.470000267028807,14.630000114440918,-93.83065924950459,13.938500022888183,13.34300000667572,13.532800006866456,14.950299940109254,367261.6666666667
2019-12-31,14.539999961853027,13.760000228881836,14.350000381469727,14.510000228881836,751400,14.510000228881836,14.27000013987223,-141.92709141773003,14.034000015258789,13.368500018119812,13.537000007629395,14.913999948501587,374163.3333333333
2020-01-02,15.010000228881836,14.520000457763672,14.68000030517578,14.670000076293945,529400,14.670000076293945,14.733333587646484,13.965235954464333,14.132000017166138,13.387000012397767,13.540400009155274,14.88289994239807,378980.0
2020-01-03,15.119999885559082,14.279999732971193,14.600000381469727,14.479999542236328,449100,14.479999542236328,14.6266663869222,-4.876811432434108,14.219500017166137,13.408249998092652,13.537000007629395,14.853799943923951,380136.6666666667
2020-01-06,14.649999618530273,13.920000076293945,14.489999771118164,13.93000030517578,391900,13.93000030517578,14.166666666666664,-99.45903285826805,14.276500034332276,13.431750011444091,13.51560001373291,14.820199937820435,384095.0
2020-01-07,14.029999732971193,13.40999984741211,14.0,13.5,283500,13.5,13.646666526794435,-136.7121267679583,14.296000051498414,13.437250018119812,13.492800006866455,14.786199941635132,384101.6666666667
2020-01-08,13.5600004196167,12.420000076293945,13.520000457763672,12.420000076293945,446000,12.420000076293945,12.800000190734865,-129.06941578750488,14.250000047683717,13.416500020027161,13.451200008392334,14.743999948501587,384711.6666666667
2020-01-09,12.5600004196167,11.739999771118164,12.350000381469727,12.0,610800,12.0,12.100000063578285,-111.98429262138413,14.182000064849854,13.398750019073486,13.400200004577636,14.691499948501587,390360.0
2020-01-10,12.149999618530273,11.460000038146973,12.029999732971193,11.5600004196167,461700,11.5600004196167,11.723333358764648,-95.16024479639003,14.092000102996826,13.381250023841858,13.351200008392334,14.626599960327148,394608.3333333333
2020-01-13,11.800000190734865,11.239999771118164,11.59000015258789,11.68000030517578,327900,11.68000030517578,11.573333422342934,-77.54809955467374,13.966000127792359,13.373250031471253,13.31400001525879,14.56479995727539,393148.3333333333
2020-01-14,12.220000267028807,11.649999618530273,11.68000030517578,11.9399995803833,329700,11.9399995803833,11.936666488647461,-17.71657426039995,13.883000087738036,13.37625002861023,13.288200016021728,14.507799959182739,394991.6666666667
2020-01-15,12.010000228881836,11.539999961853027,11.880000114440918,11.81999969482422,352700,11.81999969482422,11.789999961853027,-14.916827048681865,13.742500066757202,13.36525001525879,13.25480001449585,14.455399961471558,397031.6666666667
2020-01-16,12.170000076293945,11.4399995803833,11.9399995803833,11.479999542236328,377800,11.479999542236328,11.696666399637856,-33.054148204760146,13.585000038146973,13.349749994277953,13.20579999923706,14.405999956130982,400493.3333333333
2020-01-17,11.539999961853027,11.0,11.539999961853027,11.100000381469727,437900,11.100000381469727,11.213333447774254,-143.65508313846382,13.397500038146973,13.325,13.155200004577637,14.351199960708618,402738.3333333333
2020-01-21,11.026000022888184,10.199999809265137,11.0,10.40999984741211,751300,10.40999984741211,10.54533322652181,-133.29745640961357,13.192000007629394,13.286750006675721,13.103600006103516,14.293799962997436,411568.3333333333
2020-01-22,10.40999984741211,9.789999961853027,10.40999984741211,10.0,451000,10.0,10.06666660308838,-109.70091966473535,12.963000011444091,13.23125,13.038000011444092,14.22999997138977,416023.3333333333
2020-01-23,9.914999961853027,9.5,9.869999885559082,9.84000015258789,404300,9.84000015258789,9.75166670481364,-94.03809077850498,12.717500019073487,13.160750007629394,12.96980001449585,14.161199979782104,419655.0
2020-01-24,9.949999809265137,9.079999923706056,9.800000190734863,9.56999969482422,679700,9.56999969482422,9.53333314259847,-87.32293268325958,12.454500007629395,13.069250011444092,12.907000007629394,14.089299974441529,427643.3333333333
2020-01-27,9.300000190734863,8.850000381469727,9.260000228881836,8.949999809265137,592300,8.949999809265137,9.033333460489908,-120.6457933153972,12.158500003814698,12.964250016212464,12.84079999923706,14.015299968719482,429683.3333333333
2020-01-28,9.100000381469727,8.550000190734862,9.0,8.590000152587889,636100,8.590000152587889,8.74666690826416,-105.6038922567802,11.846000003814698,12.849500012397765,12.772600002288819,13.934499969482422,435145.0
2020-01-29,8.699999809265138,8.210000038146973,8.649999618530272,8.479999542236326,406100,8.479999542236326,8.463333129882812,-99.71028153638427,11.546499967575073,12.74249999523163,12.70579999923706,13.853299961090087,433685.0
2020-01-30,8.630000114440918,8.220000267028809,8.300000190734862,8.470000267028809,271300,8.470000267028809,8.440000216166178,-76.38886731481306,11.244499969482423,12.639249992370605,12.63,13.772199964523315,430180.0
2020-01-31,8.420000076293945,8.060000419616701,8.409999847412111,8.130000114440918,396300,8.130000114440918,8.203333536783854,-99.6801260449443,10.91749997138977,12.524749994277954,12.550599994659423,13.678699970245361,428518.3333333333
2020-02-03,8.220000267028809,7.940000057220459,8.149999618530272,8.119999885559082,480400,8.119999885559082,8.093333403269451,-102.35133951137476,10.599499988555909,12.409500002861023,12.471199989318848,13.574699964523315,424628.3333333333
2020-02-04,8.420000076293945,8.060000419616701,8.159999847412111,8.159999847412111,533700,8.159999847412111,8.213333447774254,-34.18803217840036,10.310999965667724,12.29375,12.395599994659424,13.472399969100952,425480.0
2020-02-05,10.520000457763672,8.270000457763674,8.329999923706055,10.329999923706056,1423500,10.329999923706056,9.706666946411133,166.66666666666717,10.152499961853028,12.224250006675721,12.35779998779297,13.401499967575074,444066.6666666667
2020-02-06,10.479999542236328,9.449999809265137,10.479999542236328,9.720000267028807,473600,9.720000267028807,9.883333206176758,90.88317374041462,10.017499971389771,12.133750009536744,12.298999996185303,13.326199970245362,446706.6666666667
2020-02-07,9.593999862670898,9.079999923706056,9.5600004196167,9.390000343322754,341100,9.390000343322754,9.354666709899902,28.281549415990877,9.886999988555909,12.034500026702881,12.222200012207031,13.245699968338013,444926.6666666667
2020-02-10,9.720000267028807,8.975000381469727,9.350000381469727,9.579999923706056,575400,9.579999923706056,9.425000190734863,16.375625707711812,9.787999963760376,11.9400000333786,12.150800018310546,13.167099962234497,442325.0
2020-02-11,9.289999961853027,7.0,9.289999961853027,7.849999904632567,2253000,7.849999904632567,8.046666622161865,-166.66666666666617,9.596499943733216,11.781250035762787,12.044200010299683,13.07659996509552,473396.6666666667
2020-02-12,8.239999771118164,6.96999979019165,7.849999904632567,6.980000019073486,1382500,6.980000019073486,7.396666526794434,-107.96350377571919,9.348499965667724,11.61575002670288,11.928600006103515,12.979299974441528,488425.0
2020-02-13,7.630000114440918,6.869999885559082,6.940000057220459,7.599999904632567,1017100,7.599999904632567,7.366666634877522,-73.95486218843591,9.137499976158143,11.440000021457672,11.828599996566773,12.891499981880187,493516.6666666667
2020-02-14,7.639999866485598,6.78000020980835,7.599999904632567,7.039999961853027,908300,7.039999961853027,7.153333346048992,-70.33727463735426,8.915499997138976,11.250250017642974,11.715199995040894,12.797199988365174,499751.6666666667
2020-02-18,6.989999771118164,6.110000133514402,6.940000057220459,6.210000038146973,1530300,6.210000038146973,6.4366666475931815,-144.9026425705803,8.670999979972839,11.034250009059907,11.584800004959106,12.703899989128113,517160.0
2020-02-19,6.6599998474121085,6.260000228881836,6.389999866485598,6.369999885559082,818400,6.369999885559082,6.429999987284344,-83.86411841233807,8.468999981880188,10.830499994754792,11.456400003433227,12.608499989509582,522225.0
2020-02-20,6.489999771118164,5.989999771118164,6.389999866485598,6.039999961853027,624600,6.039999961853027,6.173333168029785,-81.91404434525298,8.270999979972839,10.616999995708465,11.315000009536742,12.51159999370575,527690.0
2020-02-21,6.130000114440918,5.710000038146973,6.039999961853027,5.880000114440918,696100,5.880000114440918,5.9066667556762695,-112.57307006234844,8.072999978065491,10.395249998569488,11.165800008773804,12.415499997138976,534346.6666666666
2020-02-24,6.460000038146973,5.349999904632568,5.639999866485598,6.090000152587892,836600,6.090000152587892,5.9666666984558105,-71.8084951794938,7.8990000009536745,10.176750004291534,11.020400018692017,12.320099997520447,543450.0
2020-02-25,6.110000133514402,5.71999979019165,6.090000152587892,5.949999809265138,583800,5.949999809265138,5.926666577657064,-58.06941983741716,7.749000000953674,9.953750002384187,10.872200021743774,12.233899998664857,547470.0
2020-02-26,6.010000228881836,5.269999980926514,5.929999828338622,5.550000190734863,1227900,5.550000190734863,5.610000133514403,-161.40355192065644,7.597000002861023,9.72150000333786,10.699200029373168,12.144100003242492,564355.0
2020-02-27,5.730000019073486,4.940000057220459,5.320000171661377,5.590000152587892,960200,5.590000152587892,5.420000076293945,-114.87385459055297,7.452500033378601,9.499500000476838,10.539000024795532,12.053300004005433,577005.0
2020-02-28,6.070000171661378,5.389999866485597,5.389999866485597,5.690000057220459,777300,5.690000057220459,5.7166666984558105,-4.319108922890584,7.313500022888183,9.278999996185302,10.360200023651123,11.963600006103515,583051.6666666666
2020-03-02,5.789999961853027,5.0,5.78000020980835,5.010000228881836,710100,5.010000228881836,5.266666730244954,-109.44596323519936,7.1575000286102295,9.0375,10.167800025939941,11.869900007247924,589808.3333333334
2020-03-03,5.579999923706055,5.0,5.039999961853027,5.46999979019165,687200,5.46999979019165,5.349999904632568,-53.613102192958706,7.025000023841858,8.812250006198884,9.98020001411438,11.784400000572205,597468.3333333334
2020-03-04,6.210000038146973,5.46999979019165,5.53000020980835,6.090000152587892,720300,6.090000152587892,5.923333326975506,113.58313272485218,6.921500039100647,8.616250002384186,9.811600008010863,11.701500000953674,604901.6666666666
2020-03-05,6.46999979019165,5.920000076293945,6.019999980926514,6.329999923706055,857500,6.329999923706055,6.239999930063885,115.23158804565172,6.721500039100647,8.437000000476838,9.646600008010864,11.617400002479553,614940.0
2020-03-06,6.369999885559082,5.75,6.28000020980835,6.309999942779541,1558000,6.309999942779541,6.143333276112873,62.74784034859679,6.551000022888184,8.284249997138977,9.477800006866454,11.526100006103515,634651.6666666666
2020-03-09,6.239999771118164,5.360000133514403,5.360000133514403,5.670000076293945,859600,5.670000076293945,5.756666660308838,-31.882580427738272,6.365000009536743,8.125999999046325,9.294600009918213,11.429600009918213,643961.6666666666
2020-03-10,6.070000171661378,5.460000038146973,6.070000171661378,5.610000133514403,855700,5.610000133514403,5.71333344777425,-85.33143172331181,6.1665000200271605,7.9772499918937685,9.10940001487732,11.331900010108948,652001.6666666666
2020-03-11,5.590000152587892,5.039999961853027,5.590000152587892,5.320000171661377,569200,5.320000171661377,5.316666762034099,-120.53433533447796,6.040000033378601,7.818249988555908,8.919000015258788,11.23140001296997,655571.6666666666
2020-03-12,5.239999771118164,4.269999980926514,4.889999866485597,4.480000019073486,708400,4.480000019073486,4.663333257039388,-134.82557005265338,5.915000033378601,7.631749999523163,8.719200010299682,11.12600000858307,661763.3333333334
2020-03-13,5.485000133514403,4.460000038146973,4.6599998474121085,5.46999979019165,885400,5.46999979019165,5.138333320617676,-35.809376108262356,5.808500027656555,7.473000001907349,8.53840000152588,11.037700004577637,666853.3333333334
2020-03-16,6.170000076293945,4.869999885559082,4.869999885559082,5.519999980926514,1037500,5.519999980926514,5.519999980926514,56.30730343479704,5.73250002861023,7.3240000128746034,8.35539999961853,10.947900004386902,675461.6666666666
2020-03-17,8.420000076293945,5.519999980926514,5.679999828338622,8.279999732971191,1964600,8.279999732971191,7.406666596730549,166.66666666666725,5.83600001335144,7.25349999666214,8.231400003433228,10.88420000553131,700268.3333333334
2020-03-18,8.109999656677246,6.889999866485598,7.75,7.269999980926514,996300,7.269999980926514,7.423333168029785,83.83485511620832,5.881000018119812,7.175,8.098199996948242,10.806900005340577,709293.3333333334
2020-03-19,8.687999725341799,7.170000076293945,7.329999923706055,7.420000076293945,825200,7.420000076293945,7.759333292643229,70.04367847459982,5.9500000238418576,7.110500001907349,7.976599998474121,10.734700002670287,703195.0
2020-03-20,7.546999931335449,5.579999923706055,7.380000114440918,6.389999866485598,1830000,6.389999866485598,6.505666573842365,-38.21034229114235,5.975500011444092,7.024249994754792,7.855999994277954,10.653600001335144,729561.6666666666
2020-03-23,6.579999923706055,4.269999980926514,6.110000133514402,4.4099998474121085,753700,4.4099998474121085,5.0866665840148935,-140.17518533208394,5.891499996185303,6.895249998569488,7.704199991226196,10.552199997901916,739941.6666666666
2020-03-24,4.929999828338623,4.510000228881836,4.849999904632568,4.809999942779541,588400,4.809999942779541,4.75,-93.44951700234532,5.834500002861023,6.7917500019073485,7.5691999816894535,10.460199995040893,745700.0
2020-03-25,5.289999961853027,4.179999828338623,4.849999904632568,4.280000209808351,1137700,4.280000209808351,4.583333333333333,-68.89207230865888,5.771000003814697,6.68400000333786,7.421199979782105,10.367599997520447,760650.0
2020-03-26,4.6599998474121085,3.660000085830689,4.360000133514403,4.320000171661377,756400,4.320000171661377,4.2133333683013925,-88.33311643870802,5.707500004768372,6.580000019073486,7.268799991607666,10.278500003814697,768053.3333333334
2020-03-27,4.2899999618530265,4.010000228881837,4.199999809265137,4.260000228881837,362900,4.260000228881837,4.1866668065388986,-86.38582495605755,5.63600001335144,6.474750018119812,7.117600002288818,10.186200008392333,761578.3333333334
2020-03-30,4.2199997901916495,3.660000085830689,4.199999809265137,3.7699999809265137,512600,3.7699999809265137,3.8833332856496177,-106.79614216180089,5.574000000953674,6.365750014781952,6.963400011062622,10.084600005149841,761298.3333333334
2020-03-31,3.9800000190734863,3.609999895095825,3.7699999809265137,3.690000057220459,453700,3.690000057220459,3.759999990463257,-100.25612065663246,5.485000014305115,6.255000019073487,6.815200004577637,9.985200004577637,761375.0
2020-04-01,3.892999887466431,3.3499999046325684,3.609999895095825,3.8499999046325684,572100,3.8499999046325684,3.6976665655771885,-82.91413623177297,5.373000001907348,6.147250020503998,6.684000005722046,9.89380000591278,764378.3333333334
2020-04-02,4.380000114440918,3.7100000381469727,3.9000000953674316,4.070000171661377,833800,4.070000171661377,4.053333441416424,56.073500216375805,5.260000014305115,5.990750026702881,6.565400009155273,9.801700010299683,773550.0
2020-04-03,4.71999979019165,3.9700000286102295,4.099999904632568,4.420000076293945,841600,4.420000076293945,4.369999965031941,134.31646993094918,5.165500020980835,5.858250021934509,6.457000007629395,9.713400011062623,780143.3333333334
2020-04-06,4.820000171661377,4.380000114440918,4.619999885559082,4.559999942779541,419500,4.559999942779541,4.586666742960612,106.79430555500325,5.110000014305115,5.737500011920929,6.356800012588501,9.631900010108948,776955.0
2020-04-07,4.840000152587892,3.950000047683716,4.800000190734863,3.9600000381469727,561000,3.9600000381469727,4.25000007947286,15.416811649513516,5.027500009536743,5.597000014781952,6.2570000171661375,9.5489000082016,778610.0
2020-04-08,4.329999923706056,3.859999895095825,4.0,4.300000190734863,438100,4.300000190734863,4.163333336512248,-52.208860885801975,4.976500010490417,5.50825002193451,6.171200017929078,9.471900010108948,780446.6666666666
2020-04-09,5.519999980926514,4.269999980926514,4.389999866485597,5.489999771118164,1028000,5.489999771118164,5.0933332443237305,144.1138660635774,5.026999998092651,5.471000015735626,6.1114000225067135,9.408600010871886,792085.0
2020-04-13,6.0,5.300000190734863,5.5,5.710000038146973,652800,5.710000038146973,5.670000076293945,121.53331111630965,5.039000010490417,5.423750019073486,6.056200017929077,9.343100008964539,797086.6666666666
2020-04-14,6.28000020980835,5.619999885559082,5.869999885559082,5.980000019073486,666400,5.980000019073486,5.960000038146973,94.70620487369105,5.062000012397766,5.397250020503998,6.013200016021728,9.281900005340576,801896.6666666666
2020-04-15,5.78000020980835,5.309999942779541,5.78000020980835,5.440000057220459,362400,5.440000057220459,5.510000069936115,29.52722666461175,4.92000002861023,5.378000020980835,5.959600019454956,9.215400004386902,800638.3333333334
2020-04-16,5.4099998474121085,4.650000095367432,5.400000095367432,4.869999885559082,540600,4.869999885559082,4.976666609446208,-95.27708965316396,4.800000023841858,5.340500020980835,5.8938000202178955,9.14470000743866,797126.6666666666
2020-04-17,5.449999809265137,5.0,5.099999904632568,5.230000019073486,432600,5.230000019073486,5.226666609446208,-54.95005092036455,4.690500020980835,5.320250022411346,5.791800022125244,9.074800004959107,796820.0
2020-04-20,5.489999771118164,4.820000171661377,5.28000020980835,5.1599998474121085,583500,5.1599998474121085,5.15666659673055,-47.274920663197975,4.629000020027161,5.302250015735626,5.7006000137329105,8.999800004959106,799806.6666666666
2020-04-21,5.489999771118164,4.949999809265137,4.96999979019165,5.349999904632568,657700,5.349999904632568,5.263333161671956,19.0971618587278,4.676000022888184,5.283750009536743,5.619800004959107,8.92100000858307,799440.0
2020-04-22,5.934999942779541,5.440000057220459,5.570000171661377,5.800000190734862,589400,5.800000190734862,5.725000063578287,166.66666666666882,4.7255000352859495,5.280000019073486,5.544200010299683,8.847500014305115,799391.6666666666
2020-04-23,6.0,4.940000057220459,5.789999961853027,5.019999980926514,684400,5.019999980926514,5.320000012715657,-7.902271977696576,4.7625000238418576,5.266750013828277,5.4876000118255615,8.765900011062621,800196.6666666666
2020-04-24,5.230000019073486,4.360000133514403,5.119999885559082,4.760000228881836,481800,4.760000228881836,4.783333460489909,-138.95508312738852,4.784500026702881,5.246000015735627,5.443200016021729,8.685900011062621,801458.3333333334
2020-04-27,5.0,4.349999904632568,4.800000190734863,4.980000019073486,318200,4.980000019073486,4.776666641235352,-84.03896628151071,4.820500016212463,5.228250014781952,5.3908000183105464,8.60970000743866,802240.0
2020-04-28,5.6500000953674325,5.0,5.0,5.619999885559082,477000,5.619999885559082,5.423333326975506,42.61288849440932,4.913000011444092,5.243500006198883,5.362400016784668,8.538800005912782,803585.0
2020-04-29,6.289999961853027,5.6599998474121085,5.75,6.0,872400,6.0,5.983333269755047,126.74580854440424,5.028500008583069,5.256750011444092,5.358200016021729,8.471500010490418,810118.3333333334
2020-04-30,7.670000076293945,5.849999904632568,6.199999809265138,7.5900001525878915,1602000,7.5900001525878915,7.036666711171467,131.598246737775,5.215500020980835,5.294250011444092,5.382600021362305,8.419500012397766,827923.3333333334
2020-05-01,7.559999942779541,6.800000190734862,7.300000190734862,6.9099998474121085,888500,6.9099998474121085,7.08999999364217,85.5525943538593,5.357500004768371,5.308750009536743,5.400000019073486,8.357500014305115,819006.6666666666
2020-05-04,7.210000038146973,6.53000020980835,6.710000038146973,7.070000171661378,382300,7.070000171661378,6.9366668065388986,46.65543352049929,5.490000009536743,5.327750015258789,5.423800020217896,8.29480001449585,817485.0
2020-05-05,7.599999904632567,6.570000171661378,7.269999980926514,6.639999866485598,533400,6.639999866485598,6.9366666475931815,28.68851385780625,5.594000005722046,5.3520000100135805,5.43480001449585,8.227600016593932,820690.0
2020-05-06,6.840000152587892,6.099999904632568,6.630000114440918,6.1500000953674325,275100,6.1500000953674325,6.363333384195965,-166.66666666666478,5.7035000085830685,5.365500009059906,5.438800020217895,8.155500020980835,815685.0
2020-05-07,6.489999771118164,5.820000171661378,6.210000038146973,5.869999885559082,236600,5.869999885559082,6.059999942779541,-110.47483523604427,5.78199999332428,5.379250001907349,5.44520001411438,8.072200021743775,782078.3333333334
2020-05-08,7.320000171661378,5.989999771118164,5.989999771118164,7.179999828338622,612500,7.179999828338622,6.829999923706055,41.23017272276246,5.866499996185302,5.446749997138977,5.477000007629394,8.008000016212463,769245.0
2020-05-11,7.5,6.304999828338622,6.460000038146973,7.4099998474121085,634800,7.4099998474121085,7.071666558583576,79.29903633077589,5.951499986648559,5.495249998569489,5.511400003433227,7.935800013542175,762873.3333333334
2020-05-12,7.53000020980835,7.0,7.3400001525878915,7.050000190734862,492300,7.050000190734862,7.1933334668477364,82.93814699375875,6.004999995231628,5.533500003814697,5.552200002670288,7.860000014305115,755940.0
2020-05-13,7.070000171661378,6.179999828338622,6.949999809265138,6.260000228881836,648600,6.260000228881836,6.5033334096272775,-42.283936804921254,6.046000003814697,5.483000016212463,5.5680000114440915,7.774100012779236,741245.0
2020-05-14,6.429999828338622,5.809999942779541,6.139999866485598,6.199999809265138,415700,6.199999809265138,6.146666526794434,-118.38314419667714,6.1125,5.456250011920929,5.570200004577637,7.6909000062942505,734533.3333333334
2020-05-15,6.559999942779541,5.940000057220459,6.340000152587892,5.96999979019165,741400,5.96999979019165,6.156666596730549,-73.60351956617,6.149499988555908,5.420000004768371,5.563000001907349,7.604800004959106,736480.0
2020-05-18,7.03000020980835,6.090000152587892,6.170000076293945,6.869999885559082,485500,6.869999885559082,6.663333415985107,27.52036700785869,6.2349999904632565,5.432000005245209,5.574200000762939,7.526000003814698,732970.0
2020-05-19,7.179999828338622,6.5,6.860000133514402,6.809999942779541,318800,6.809999942779541,6.829999923706055,99.99996047837341,6.307999992370606,5.492000007629395,5.5969999980926515,7.445800004005432,724340.0
2020-05-20,7.5,6.835000038146973,6.9000000953674325,7.300000190734862,380500,7.300000190734862,7.211666742960613,112.96296185099851,6.382999992370605,5.554250013828278,5.630799999237061,7.37010000705719,720951.6666666666
2020-05-21,7.389999866485598,6.829999923706055,7.239999771118164,6.96999979019165,383700,6.96999979019165,7.0633331934611014,61.85183166378318,6.480499982833862,5.62150000333786,5.663799991607666,7.291400003433227,706881.6666666666
2020-05-22,7.050000190734862,6.619999885559082,6.9099998474121085,6.929999828338622,217100,6.929999828338622,6.8666666348775225,-23.884937185097566,6.588999962806701,5.686749994754791,5.712799987792969,7.215999999046326,694496.6666666666
2020-05-26,7.2150001525878915,6.760000228881836,7.199999809265138,6.989999771118164,422700,6.989999771118164,6.988333384195965,-2.099995324478072,6.689499950408935,5.754999983310699,5.743199987411499,7.140799994468689,688586.6666666666
2020-05-27,7.380000114440918,6.809999942779541,7.1500000953674325,7.320000171661378,343700,7.320000171661378,7.170000076293945,69.18243558190268,6.7744999647140505,5.843749988079071,5.779199991226196,7.067299995422363,682480.0
2020-05-28,7.71999979019165,7.039999961853027,7.400000095367432,7.5900001525878915,492000,7.5900001525878915,7.449999968210857,140.99392641548073,6.853999972343445,5.941249990463257,5.765399999618531,6.998400001525879,679226.6666666666
2020-05-29,7.5900001525878915,6.71999979019165,7.519999980926514,6.809999942779541,580900,6.809999942779541,7.039999961853027,-25.3623341420082,6.814999961853028,6.0152499914169315,5.756199998855591,6.9271999979019165,676903.3333333334
2020-06-01,7.019999980926514,6.71999979019165,6.769999980926514,6.78000020980835,212100,6.78000020980835,6.83999999364217,-101.12506614524179,6.808499979972839,6.082999992370605,5.743400001525879,6.86,666146.6666666666
2020-06-02,6.9099998474121085,6.429999828338622,6.789999961853027,6.480000019073486,419900,6.480000019073486,6.606666564941406,-115.9582497646062,6.778999972343445,6.134499990940094,5.745200004577637,6.800599999427796,647178.3333333334
2020-06-03,7.099999904632568,6.610000133514402,6.630000114440918,6.699999809265138,354500,6.699999809265138,6.803333282470702,-40.59109609659631,6.781999969482422,6.187999987602234,5.791000003814697,6.747599997520447,638760.0
2020-06-04,7.300000190734862,6.420000076293945,6.610000133514402,7.260000228881836,378600,7.260000228881836,6.993333498636883,71.18061384942858,6.837499976158142,6.270499992370605,5.840000009536743,6.704599995613098,630808.3333333334
2020-06-05,8.369999885559082,7.570000171661378,7.570000171661378,8.140000343322754,640600,8.140000343322754,8.02666680018107,166.66666666666802,6.950999999046326,6.366499996185302,5.917200012207031,6.669199995994568,631998.3333333334
2020-06-08,9.890000343322754,8.539999961853027,8.539999961853027,9.800000190734863,1024400,9.800000190734863,9.410000165303547,133.43958008708893,7.082000017166138,6.47425000667572,6.026800012588501,6.647800002098084,637265.0
2020-06-09,9.949999809265137,9.119999885559082,9.510000228881836,9.420000076293944,567900,9.420000076293944,9.49666659037272,86.09552184004234,7.18250002861023,6.567000007629394,6.130000009536743,6.623800005912781,631973.3333333334
2020-06-10,9.399999618530273,8.869999885559082,9.380000114440918,8.880000114440918,527100,8.880000114440918,9.049999872843424,34.90989927258416,7.274000024795532,6.63950001001358,6.232200012207032,6.597800011634827,623466.6666666666
2020-06-11,8.369999885559082,7.119999885559082,8.369999885559082,7.230000019073486,523400,7.230000019073486,7.573333263397218,-104.05999527860206,7.322500014305115,6.684250009059906,6.303000011444092,6.559100008010864,599446.6666666666
2020-06-12,7.920000076293945,6.699999809265138,7.71999979019165,7.070000171661378,564100,7.070000171661378,7.230000019073486,-95.76933891311516,7.366000032424926,6.739250016212464,6.367400016784668,6.525700011253357,592243.3333333334
2020-06-15,7.170000076293945,6.4099998474121085,6.690000057220459,7.010000228881836,455900,7.010000228881836,6.863333384195965,-79.85734698468711,7.418000054359436,6.7837500214576725,6.4262000179290775,6.495800013542175,586088.3333333334
2020-06-16,7.639999866485598,7.070000171661378,7.380000114440918,7.420000076293945,439200,7.420000076293945,7.3766667048136405,-28.178849853286923,7.445500063896179,6.840250027179718,6.486200017929077,6.471600012779236,562908.3333333334
2020-06-17,7.389999866485598,6.440000057220459,7.389999866485598,6.46999979019165,778700,6.46999979019165,6.766666571299236,-94.94077928503205,7.428500056266785,6.868250024318695,6.524400014877319,6.44060001373291,563325.0
2020-06-18,6.630000114440918,6.059999942779541,6.46999979019165,6.110000133514402,740900,6.110000133514402,6.266666730244953,-131.2085949210697,7.369000053405761,6.876000022888183,6.567400016784668,6.412200016975403,565866.6666666666
2020-06-19,6.449999809265138,5.929999828338622,6.1500000953674325,6.079999923706055,1900200,6.079999923706055,6.153333187103272,-93.26790008761587,7.324500060081482,6.902500021457672,6.603000011444092,6.387100014686585,578575.0
2020-06-22,6.25,5.570000171661377,6.0,5.590000152587892,836500,5.590000152587892,5.803333441416424,-93.31475076278556,7.257500076293946,6.9232500195503235,6.605000019073486,6.3582000207901,579910.0
2020-06-23,5.869999885559082,5.340000152587892,5.710000038146973,5.630000114440918,834500,5.630000114440918,5.613333384195965,-102.533019630698,7.189500093460083,6.939500021934509,6.6034000205993655,6.329800019264221,587770.0
2020-06-24,5.599999904632568,5.179999828338623,5.460000038146973,5.289999961853027,630400,5.289999961853027,5.356666564941406,-108.16879346475424,7.088000082969666,6.931250023841858,6.589600019454956,6.3014000177383425,589733.3333333334
2020-06-25,5.849999904632568,5.090000152587892,5.21999979019165,5.630000114440918,707800,5.630000114440918,5.523333390553791,-48.16954058914977,6.990000081062317,6.9220000267028805,6.593400020599365,6.276500020027161,593968.3333333334
2020-06-26,5.46999979019165,5.070000171661377,5.46999979019165,5.110000133514403,580800,5.110000133514403,5.2166666984558105,-110.33947238915808,6.90500009059906,6.860000026226044,6.598200025558472,6.246000022888183,594113.3333333334
2020-06-29,5.5,5.099999904632568,5.099999904632568,5.25,363500,5.25,5.2833333015441895,-56.64701892086851,6.828500080108642,6.818500030040741,6.598600025177002,6.195200023651123,586275.0
2020-06-30,5.28000020980835,5.0,5.25,5.070000171661377,734800,5.070000171661377,5.116666793823242,-108.21481421970304,6.758000087738037,6.768500030040741,6.596800031661988,6.148700022697449,584495.0
2020-07-01,5.275000095367432,4.940000057220459,5.070000171661377,5.010000228881836,375400,5.010000228881836,5.075000127156575,-87.31808061979933,6.673500108718872,6.727750039100647,6.5900000381469725,6.104900021553039,583760.0
2020-07-02,5.2820000648498535,5.050000190734863,5.1599998474121085,5.170000076293945,278900,5.170000076293945,5.167333443959554,-4.7598392979913084,6.569000101089477,6.70325003862381,6.577400035858155,6.060800023078919,579058.3333333334
2020-07-06,5.6599998474121085,5.119999885559082,5.349999904632568,5.389999866485597,364800,5.389999866485597,5.389999866485597,117.46885092310605,6.43150007724762,6.691250038146973,6.584800033569336,6.036200022697448,577836.6666666666
2020-07-07,5.46999979019165,5.170000076293945,5.289999961853027,5.199999809265137,407700,5.199999809265137,5.279999891916911,47.858585391353934,6.201500058174133,6.6417500376701355,6.593600025177002,6.0184000205993655,567498.3333333334
2020-07-08,5.369999885559082,5.039999961853027,5.150000095367432,5.349999904632568,287000,5.349999904632568,5.25333325068156,15.034206021640847,5.998000049591065,6.590250039100647,6.601000022888184,5.9959000205993656,561401.6666666666
2020-07-09,5.389999866485597,4.9099998474121085,5.300000190734863,5.150000095367432,389000,5.150000095367432,5.149999936421712,-91.4059501536442,5.81150004863739,6.542750036716461,6.59160002708435,5.97700002193451,556778.3333333334
2020-07-10,5.440000057220459,5.010000228881836,5.130000114440918,5.400000095367432,271500,5.400000095367432,5.283333460489909,14.354277125366087,5.720000052452088,6.521250033378601,6.579600028991699,5.9689000225067135,555263.3333333334
2020-07-13,5.599999904632568,5.230000019073486,5.489999771118164,5.28000020980835,259900,5.28000020980835,5.370000044504803,130.28761324168178,5.630500054359436,6.498250043392181,6.533400030136108,5.9580000257492065,550585.0
2020-07-14,5.699999809265138,5.130000114440918,5.230000019073486,5.400000095367432,340900,5.400000095367432,5.41000000635783,100.57469279910102,5.5500000476837155,6.484000051021576,6.503200035095215,5.951600027084351,549056.6666666666
2020-07-15,5.75,5.440000057220459,5.739999771118164,5.630000114440918,361800,5.630000114440918,5.606666723887127,137.25491253742848,5.460500049591064,6.453000056743622,6.474400033950806,5.94910002708435,545361.6666666666
2020-07-16,5.760000228881836,5.440000057220459,5.579999923706055,5.730000019073486,205600,5.730000019073486,5.643333435058594,92.74470613697154,5.423500061035156,6.4260000586509705,6.456200037002564,5.945500025749206,537826.6666666666
2020-07-17,6.090000152587892,5.739999771118164,5.739999771118164,5.860000133514402,366500,5.860000133514402,5.896666685740152,132.8213627147496,5.411000061035156,6.390000057220459,6.450400037765503,5.944600028991699,534111.6666666666
2020-07-20,5.96999979019165,5.460000038146973,5.860000133514402,5.53000020980835,312700,5.53000020980835,5.653333346048992,7.065652109466312,5.383500075340271,6.354000067710876,6.443600044250489,5.944400029182434,527916.6666666666
2020-07-21,5.869999885559082,5.460000038146973,5.599999904632568,5.579999923706055,262900,5.579999923706055,5.636666615804035,-40.33976724371646,5.383000063896179,6.320250070095062,6.411600046157837,5.9443000268936155,524268.3333333333
2020-07-22,5.670000076293945,5.460000038146973,5.5,5.489999771118164,195000,5.489999771118164,5.539999961853027,-100.29943183093485,5.3760000467300415,6.282750070095062,6.373200044631958,5.942300024032593,522215.0
2020-07-23,5.889999866485598,5.369999885559082,5.440000057220459,5.610000133514403,362400,5.610000133514403,5.6233332951863595,-34.31373373996307,5.39200005531311,6.240000069141388,6.344400043487549,5.948300023078918,520305.0
2020-07-24,5.690000057220459,5.380000114440918,5.610000133514403,5.389999866485597,227600,5.389999866485597,5.486666679382324,-113.09521275311,5.380000042915344,6.185000061988831,6.327000036239624,5.947500023841858,509558.3333333333
2020-07-27,5.619999885559082,5.290999889373778,5.369999885559082,5.550000190734863,199800,5.550000190734863,5.486999988555908,-74.99262288941465,5.402000045776367,6.1535000681877134,6.314000043869019,5.942100024223327,486188.3333333333
2020-07-28,5.599999904632568,5.260000228881836,5.5,5.480000019073486,200000,5.480000019073486,5.446666717529297,-89.92126144869135,5.413500046730041,6.121000063419342,6.304200048446655,5.933600025177002,474713.3333333333
2020-07-29,6.019999980926514,5.440000057220459,5.480000019073486,6.019999980926514,398400,6.019999980926514,5.826666673024494,139.46556741365941,5.4610000371932985,6.109500062465668,6.287200050354004,5.930700025558472,474981.6666666667
2020-07-30,5.96999979019165,5.550000190734863,5.820000171661378,5.920000076293945,193400,5.920000076293945,5.8133333524068185,80.66153932943944,5.506500029563904,6.090000069141388,6.269400053024292,5.933200025558472,469315.0
2020-07-31,5.920000076293945,5.5,5.880000114440918,5.880000114440918,343100,5.880000114440918,5.766666730244953,40.83155332300153,5.542000031471252,6.055500066280365,6.241000051498413,5.9359000253677365,470448.3333333333
2020-08-03,5.96999979019165,5.675000190734862,5.800000190734862,5.800000190734862,253400,5.800000190734862,5.815000057220459,47.23191311174465,5.562500047683716,5.997000062465668,6.2176000595092775,5.940700025558471,470728.3333333333
2020-08-04,5.880000114440918,5.480000019073486,5.710000038146973,5.519999980926514,348300,5.519999980926514,5.6266667048136405,-163.24203895896687,5.578500056266785,5.890000057220459,6.1894000625610355,5.951100025177002,466325.0
2020-08-05,5.71999979019165,5.099999904632568,5.6500000953674325,5.119999885559082,412600,5.119999885559082,5.3133331934611014,-149.60520692036542,5.567000055313111,5.782500052452088,6.152000064849854,5.947600026130676,462621.6666666667
2020-08-06,5.15500020980835,4.90500020980835,5.110000133514403,4.96999979019165,450000,4.96999979019165,5.010000069936116,-120.00319274862984,5.5580000400543215,5.684750044345856,6.105000057220459,5.942100024223327,461916.6666666667
2020-08-07,5.230000019073486,4.900000095367432,5.179999828338623,5.179999828338623,297700,5.179999828338623,5.103333314259847,-64.8903786696946,5.5470000267028805,5.633500039577484,6.056800050735474,5.911100025177002,456068.3333333333
2020-08-10,5.679999828338622,5.050000190734863,5.239999771118164,5.610000133514403,362500,5.610000133514403,5.446666717529297,50.22833317047325,5.563500022888183,5.5970000386238095,6.0328000545501705,5.894500026702881,455181.6666666667
2020-08-11,5.949999809265138,5.550000190734863,5.579999923706055,5.610000133514403,381300,5.610000133514403,5.703333377838135,124.5186052256532,5.574000024795533,5.562000036239624,6.009400053024292,5.876400027275086,449180.0
2020-08-12,5.739999771118164,5.355999946594238,5.730000019073486,5.519999980926514,231900,5.519999980926514,5.538666566212971,48.90983500066272,5.568500018119812,5.514500033855438,5.990200052261352,5.8677000284194945,444953.3333333333
2020-08-13,5.610000133514403,5.320000171661377,5.489999771118164,5.329999923706055,188600,5.329999923706055,5.420000076293945,-10.328262811929894,5.548500013351441,5.486000037193298,5.962800054550171,5.876900029182434,442783.3333333333
2020-08-14,5.639999866485598,5.289999961853027,5.369999885559082,5.550000190734863,234400,5.550000190734863,5.493333339691162,-22.421046655370482,5.533000016212464,5.4720000386238095,5.928600053787232,5.884300031661987,440348.3333333333
2020-08-17,5.670000076293945,5.498000144958496,5.53000020980835,5.6500000953674325,200500,5.6500000953674325,5.606000105539959,43.72834223316175,5.539000010490417,5.461250042915344,5.878800048828125,5.898000030517578,437295.0
2020-08-18,5.710000038146973,5.360000133514403,5.710000038146973,5.46999979019165,257400,5.46999979019165,5.513333320617676,-1.3394966328312248,5.533500003814697,5.458250033855438,5.792200040817261,5.909500026702881,437966.6666666667
2020-08-19,5.480000019073486,5.099999904632568,5.480000019073486,5.150000095367432,278300,5.150000095367432,5.243333339691162,-142.92141471988398,5.516500020027161,5.446250033378601,5.70680004119873,5.9184000253677365,435560.0
2020-08-20,5.179999828338623,4.920000076293945,5.099999904632568,5.090000152587892,321700,5.090000152587892,5.0633333524068185,-115.86658552988676,5.490500020980835,5.441250038146973,5.63100004196167,5.93160002708435,435193.3333333333
2020-08-21,5.127999782562256,4.960000038146973,5.03000020980835,5.019999980926514,335600,5.019999980926514,5.035999933878581,-79.94513657584123,5.472000026702881,5.426000034809112,5.586800041198731,5.944900026321411,432586.6666666667
2020-08-24,5.119999885559082,4.900000095367432,5.059999942779541,5.050000190734863,500300,5.050000190734863,5.023333390553792,-62.78123141483975,5.447000026702881,5.424500036239624,5.5464000415802,5.956900029182434,431243.3333333333
2020-08-25,5.289999961853027,4.929999828338623,5.1599998474121085,5.050000190734863,276300,5.050000190734863,5.089999993642171,-1.3146454406436787,5.42550003528595,5.419500041007995,5.507200040817261,5.966700029373169,432313.3333333333
2020-08-26,5.199999809265137,4.980000019073486,5.019999980926514,5.119999885559082,184600,5.119999885559082,5.099999904632568,94.99646402049429,5.380500030517578,5.420750033855438,5.4612000370025635,5.973700027465821,428391.6666666667
2020-08-27,5.364999771118164,5.091000080108644,5.1599998474121085,5.309999942779541,316700,5.309999942779541,5.255333264668782,166.66666666668203,5.350000023841858,5.428250026702881,5.438000040054321,5.98120002746582,427761.6666666667
2020-08-28,5.599999904632568,5.079999923706055,5.400000095367432,5.380000114440918,328900,5.380000114440918,5.353333314259847,112.51391390480322,5.3250000238418576,5.433500027656555,5.423400039672852,5.99540002822876,426933.3333333333
2020-08-31,5.429999828338623,5.139999866485597,5.349999904632568,5.170000076293945,295400,5.170000076293945,5.246666590372722,27.469299833418766,5.293500018119812,5.428000032901764,5.405200042724609,6.004100027084351,421180.0
2020-09-01,5.289999961853027,4.960000038146973,5.199999809265137,5.130000114440918,422700,5.130000114440918,5.12666670481364,-72.55276888162076,5.274000024795532,5.4262500405311584,5.39600004196167,6.000500030517578,411151.6666666667
2020-09-02,5.119999885559082,4.769999980926514,5.119999885559082,4.980000019073486,465900,4.980000019073486,4.956666628519693,-131.82720441838006,5.267000031471253,5.417000043392181,5.383000040054322,5.993200030326843,409451.6666666667
2020-09-03,5.130000114440918,4.849999904632568,4.980000019073486,4.929999828338623,334600,4.929999828338623,4.96999994913737,-79.06826071718405,5.265000033378601,5.411500036716461,5.375800037384034,5.982700028419495,406243.3333333333
2020-09-04,5.050000190734863,4.449999809265137,5.03000020980835,4.6599998474121085,609000,4.6599998474121085,4.71999994913737,-129.56203903207086,5.239000034332276,5.3930000305175785,5.356400032043457,5.974900026321411,407670.0
2020-09-08,4.599999904632568,4.199999809265137,4.599999904632568,4.360000133514403,724300,4.360000133514403,4.386666615804036,-133.1738400613722,5.176500034332276,5.37000002861023,5.341400032043457,5.9698000288009645,410340.0
2020-09-09,4.570000171661377,4.199999809265137,4.420000076293945,4.5,648100,4.5,4.423333326975505,-77.99766503362973,5.121000027656555,5.347500026226044,5.326400032043457,5.962500028610229,413543.3333333333
2020-09-10,4.90500020980835,4.400000095367432,4.519999980926514,4.679999828338623,718400,4.679999828338623,4.661666711171468,10.752712605572002,5.079000020027161,5.323750019073486,5.318600025177002,5.957700028419494,418196.6666666667
2020-09-11,4.710000038146973,4.46999979019165,4.679999828338623,4.590000152587892,265700,4.590000152587892,4.589999993642171,18.538915772543028,5.042000031471252,5.295250022411347,5.310200023651123,5.950100030899048,409646.6666666667
2020-09-14,4.869999885559082,4.460000038146973,4.619999885559082,4.809999942779541,264200,4.809999942779541,4.713333288828532,87.96293598144675,5.005000019073487,5.269000017642975,5.303000020980835,5.940200028419494,401701.6666666667
2020-09-15,5.190000057220459,4.730000019073486,4.860000133514403,5.110000133514403,263200,5.110000133514403,5.010000069936116,151.2515519768569,4.978000020980835,5.258500015735626,5.297400026321411,5.941100029945374,374418.3333333333
2020-09-16,5.400000095367432,5.070000171661377,5.139999866485597,5.389999866485597,255800,5.389999866485597,5.286666711171468,122.27852026422032,4.974000024795532,5.253750014305115,5.30120002746582,5.947400026321411,364740.0
2020-09-17,5.570000171661377,5.190000057220459,5.340000152587892,5.239999771118164,273300,5.239999771118164,5.333333333333333,86.23547623769997,4.978500008583069,5.247500014305115,5.299000024795532,5.9500000238418576,355386.6666666667
2020-09-18,6.010000228881836,5.300000190734863,5.320000171661377,5.75,960600,5.75,5.6866668065388986,116.32786150816307,5.011500000953674,5.251000010967255,5.311000022888184,5.951300024986267,360890.0
2020-09-21,5.570000171661377,5.0,5.519999980926514,5.269999980926514,376400,5.269999980926514,5.28000005086263,-17.19114583463006,5.0240000009536745,5.248000013828277,5.3084000205993656,5.944000024795532,355366.6666666667
2020-09-22,5.349999904632568,5.119999885559082,5.28000020980835,5.210000038146973,217100,5.210000038146973,5.226666609446208,-69.95887297185762,5.03199999332428,5.239500010013581,5.307000017166137,5.920200023651123,349305.0
2020-09-23,5.380000114440918,4.670000076293945,5.21999979019165,4.739999771118164,325300,4.739999771118164,4.929999987284343,-137.7032372584145,5.0164999723434445,5.221000003814697,5.293800010681152,5.898500022888183,348668.3333333333
2020-09-24,4.9099998474121085,4.579999923706055,4.820000171661377,4.75,223600,4.75,4.746666590372722,-106.09070271548387,4.997999978065491,5.189250004291535,5.276200008392334,5.87530002117157,340148.3333333333
2020-09-25,4.769999980926514,4.349999904632568,4.679999828338623,4.380000114440918,378200,4.380000114440918,4.5,-114.91226991457691,4.951499986648559,5.150750005245209,5.249200010299683,5.852700023651123,340195.0
2020-09-28,4.739999771118164,4.2899999618530265,4.449999809265137,4.679999828338623,364900,4.679999828338623,4.569999853769938,-66.00080369373772,4.916499972343445,5.120749998092651,5.225600004196167,5.838000020980835,341628.3333333333
2020-09-29,4.710000038146973,4.349999904632568,4.650000095367432,4.519999980926514,521700,4.519999980926514,4.526666641235352,-58.076210517273566,4.883999967575074,5.0887499928474424,5.20539999961853,5.824500021934509,344243.3333333333
2020-09-30,4.739999771118164,4.380000114440918,4.489999771118164,4.429999828338623,400900,4.429999828338623,4.516666571299235,-52.79900997437841,4.848999953269958,5.061499989032745,5.182399997711181,5.797000021934509,344130.0
2020-10-01,4.449999809265137,4.050000190734863,4.420000076293945,4.119999885559082,339800,4.119999885559082,4.206666628519693,-166.66666666665947,4.8059999465942385,5.0364999890327455,5.155,5.764100022315979,345010.0
2020-10-02,4.429999828338623,4.050000190734863,4.059999942779541,4.380000114440918,289400,4.380000114440918,4.286666711171469,-64.24933810764594,4.778499960899353,5.021749997138977,5.13039999961853,5.737400021553039,343350.0
2020-10-05,4.581999778747559,4.329999923706056,4.489999771118164,4.369999885559082,138200,4.369999885559082,4.427333196004232,19.69278000045161,4.763999962806702,5.001499998569488,5.11,5.718500018119812,341128.3333333333
2020-10-06,4.579999923706055,4.170000076293944,4.429999828338623,4.190000057220459,227600,4.190000057220459,4.3133333524068185,-25.164087862074105,4.755499958992004,4.9659999966621395,5.082799997329712,5.698400020599365,340590.0
2020-10-07,4.260000228881837,4.019999980926514,4.2199997901916495,4.119999885559082,297200,4.119999885559082,4.1333333651224775,-112.86509577683132,4.736499953269958,4.928749990463257,5.055599994659424,5.679900021553039,339861.6666666667
2020-10-08,4.329999923706056,4.070000171661377,4.1599998474121085,4.320000171661377,172500,4.320000171661377,4.2400000890096035,-35.78216443259892,4.718499970436096,4.898749995231628,5.021599998474121,5.654400024414063,336706.6666666667
2020-10-09,4.5,4.190000057220459,4.440000057220459,4.300000190734863,190900,4.300000190734863,4.3300000826517735,33.61625579648753,4.7039999723434445,4.873000001907348,4.989200000762939,5.629300026893616,336461.6666666667
2020-10-12,4.550000190734863,4.300000190734863,4.380000114440918,4.360000133514403,290700,4.360000133514403,4.40333350499471,102.1690098908418,4.681499981880188,4.8432500004768375,4.958800001144409,5.599900026321411,335198.3333333333
2020-10-13,4.329999923706056,4.099999904632568,4.329999923706056,4.280000209808351,279100,4.280000209808351,4.236666679382323,-27.210925728584886,4.639999985694885,4.80900000333786,4.928400001525879,5.573000030517578,334638.3333333333
2020-10-14,4.340000152587892,4.130000114440918,4.320000171661377,4.170000076293944,168100,4.170000076293944,4.213333447774252,-72.49317502861649,4.578999996185303,4.776500010490418,4.901400003433228,5.545400032997131,333058.3333333333
2020-10-15,4.38100004196167,4.119999885559082,4.2199997901916495,4.170000076293944,299600,4.170000076293944,4.2236666679382315,-56.42432989007886,4.525500011444092,4.75200001001358,4.882400007247925,5.517200036048889,334801.6666666667
2020-10-16,4.2170000076293945,4.0,4.199999809265137,4.110000133514403,206100,4.110000133514403,4.1090000470479335,-128.6115002897511,4.443500018119812,4.727500009536743,4.86520001411438,5.485100035667419,332196.6666666667
2020-10-19,4.2100000381469735,4.019999980926514,4.119999885559082,4.030000209808351,200100,4.030000209808351,4.086666742960611,-95.57210328698469,4.381500029563904,4.702750015258789,4.842200021743775,5.449500036239624,331738.3333333333
2020-10-20,4.170000076293944,3.9800000190734863,4.050000190734863,4.119999885559082,220200,4.119999885559082,4.089999993642172,-61.439136871139205,4.327000021934509,4.679500007629395,4.812400016784668,5.422600035667419,332078.3333333333
2020-10-21,4.389999866485597,4.099999904632568,4.099999904632568,4.199999809265137,186700,4.199999809265137,4.2299998601277675,86.67503732276708,4.300000023841858,4.658249998092652,4.784200010299682,5.3968000316619875,331856.6666666667
2020-10-22,4.340000152587892,4.170000076293944,4.2199997901916495,4.320000171661377,122200,4.320000171661377,4.276666800181071,103.83006229546874,4.278500032424927,4.638250005245209,4.76020001411438,5.375200033187866,327253.3333333333
2020-10-23,4.809999942779541,4.349999904632568,4.460000038146973,4.679999828338623,423000,4.679999828338623,4.613333225250244,158.88683106047262,4.293500018119812,4.622500002384186,4.747200012207031,5.355000033378601,331080.0
2020-10-26,4.889999866485597,4.550000190734863,4.630000114440918,4.889999866485597,356000,4.889999866485597,4.776666641235352,106.19635636916679,4.304000020027161,4.610249996185303,4.734000005722046,5.3313000297546385,331295.0
2020-10-27,4.900000095367432,4.460000038146973,4.889999866485597,4.46999979019165,322700,4.46999979019165,4.609999974568685,36.514343880861354,4.301500010490417,4.592749989032745,4.71039999961853,5.294600024223327,332450.0
2020-10-28,4.429999828338623,4.010000228881837,4.369999885559082,4.079999923706056,420700,4.079999923706056,4.173333326975505,-99.58073906859634,4.284000015258789,4.566499984264373,4.682600002288819,5.237400021553039,333656.6666666667
2020-10-29,4.139999866485597,3.8499999046325684,4.050000190734863,3.859999895095825,385900,3.859999895095825,3.949999888737997,-108.9684843992303,4.271000015735626,4.538499981164932,4.656799998283386,5.1818000197410585,333211.6666666667
2020-10-30,3.9000000953674316,3.7300000190734863,3.839999914169312,3.7899999618530273,295300,3.7899999618530273,3.8066666920979824,-88.5012808622196,4.2415000081062315,4.509999984502793,4.630799994468689,5.130900018215179,330633.3333333333
2020-11-02,4.150000095367432,3.700000047683716,3.8499999046325684,4.019999980926514,285400,4.019999980926514,3.9566667079925537,-40.668931126640956,4.224000012874603,4.4939999878406525,4.610799994468689,5.098800017833709,330428.3333333333
2020-11-03,4.199999809265137,3.9000000953674316,4.110000133514403,4.0399999618530265,362900,4.0399999618530265,4.046666622161865,40.540525447090985,4.216500008106232,4.485999983549118,4.590599989891052,5.068500015735626,330435.0
2020-11-04,3.9600000381469727,3.700000047683716,3.9600000381469727,3.759999990463257,571700,3.759999990463257,3.8066666920979824,-83.33333333332277,4.19850001335144,4.4674999833107,4.56479998588562,5.03600001335144,333608.3333333333
2020-11-05,4.2199997901916495,3.660000085830689,3.759999990463257,4.110000133514403,631400,4.110000133514403,3.996666669845581,53.16092150894919,4.188000011444092,4.453249990940094,4.544599990844727,5.002900013923645,340266.6666666667
2020-11-06,4.2100000381469735,3.884999990463257,4.139999866485597,4.0399999618530265,384700,4.0399999618530265,4.044999996821087,70.17545432125341,4.175,4.439499986171723,4.519199991226197,4.978600015640259,343535.0
2020-11-09,4.789999961853027,4.329999923706056,4.429999828338623,4.460000038146973,538600,4.460000038146973,4.526666641235352,166.66666666667146,4.179999995231628,4.430749988555908,4.500799989700317,4.962100014686585,348605.0
2020-11-10,4.619999885559082,4.340000152587892,4.559999942779541,4.440000057220459,272900,4.440000057220459,4.4666666984558105,75.71912732312606,4.187999987602234,4.41399998664856,4.486199989318847,4.945700016021728,349811.6666666667
2020-11-11,4.690000057220459,4.369999885559082,4.440000057220459,4.670000076293945,267800,4.670000076293945,4.576666673024495,70.29666528545023,4.212999987602234,4.395999991893769,4.476999988555908,4.9365000152587895,349985.0
2020-11-12,4.679999828338623,4.25,4.679999828338623,4.349999904632568,254200,4.349999904632568,4.426666577657064,8.409752688040697,4.221999979019165,4.373749995231629,4.46439998626709,4.923700013160706,349583.3333333333
2020-11-13,4.579999923706055,4.369999885559082,4.400000095367432,4.489999771118164,147800,4.489999771118164,4.479999860127767,-22.68257514857791,4.240999960899353,4.3422499895095825,4.455599985122681,4.915700011253357,346685.0
2020-11-16,4.940000057220459,4.539999961853027,4.6599998474121085,4.78000020980835,590100,4.78000020980835,4.753333409627278,142.53797319938846,4.278499960899353,4.329999995231629,4.457999992370605,4.907200012207031,350926.6666666667
2020-11-17,5.048999786376953,4.630000114440918,4.78000020980835,4.9099998474121085,389700,4.9099998474121085,4.86299991607666,107.60871890398745,4.317999958992004,4.322499990463257,4.4689999866485595,4.905200009346008,349083.3333333333
2020-11-18,5.369999885559082,4.8460001945495605,4.9099998474121085,4.960000038146973,424400,4.960000038146973,5.058666706085205,108.4706319764655,4.3559999704360965,4.327999997138977,4.478199987411499,4.902300009727478,351551.6666666667
2020-11-19,5.1599998474121085,4.789999961853027,4.940000057220459,5.110000133514403,259300,5.110000133514403,5.019999980926514,70.61068739338691,4.395499968528748,4.337000000476837,4.486799993515015,4.902700009346009,352796.6666666667
2020-11-20,5.179999828338623,4.96999979019165,5.050000190734863,5.119999885559082,171700,5.119999885559082,5.089999834696452,74.46802299897664,4.417499971389771,4.355499994754791,4.497399988174439,4.903800005912781,350380.0
2020-11-23,5.480000019073486,5.039999961853027,5.230000019073486,5.440000057220459,502000,5.440000057220459,5.320000012715657,154.4967722208214,4.4449999809265135,4.3745000004768375,4.509999990463257,4.906500005722046,353265.0
2020-11-24,6.070000171661378,5.46999979019165,5.570000171661377,5.929999828338622,682300,5.929999828338622,5.823333263397218,151.14606660497293,4.517999982833862,4.40974999666214,4.526399984359741,4.911900005340576,359713.3333333333
2020-11-25,6.1599998474121085,5.574999809265137,5.860000133514402,6.019999980926514,435000,6.019999980926514,5.918333212534588,92.40167565089592,4.614999985694885,4.449500000476837,4.53899998664856,4.92010000705719,359918.3333333333
2020-11-27,6.010000228881836,5.579999923706055,6.010000228881836,5.679999828338622,410300,5.679999828338622,5.756666660308838,38.71682757177902,4.705999982357025,4.488499999046326,4.547799987792969,4.9234000062942505,358991.6666666667
2020-11-30,5.730000019073486,5.269999980926514,5.590000152587892,5.289999961853027,650300,5.289999961853027,5.429999987284344,-66.64644159254725,4.7809999823570255,4.511249995231628,4.538599987030029,4.924800004959106,364253.3333333333
2020-12-01,5.519999980926514,5.110000133514403,5.420000076293945,5.21999979019165,475100,5.21999979019165,5.2833333015441895,-104.72579236534479,4.840999972820282,4.532499992847443,4.537599983215332,4.923000001907349,362021.6666666667
2020-12-02,5.6500000953674325,5.110000133514403,5.21999979019165,5.610000133514403,358700,5.610000133514403,5.456666787465412,-34.86443969757637,4.919499981403351,4.567999994754791,4.5455999851226805,4.926300001144409,355928.3333333333
2020-12-03,5.849999904632568,5.502999782562256,5.619999885559082,5.710000038146973,354900,5.710000038146973,5.6876665751139335,68.90782307931768,5.016999983787537,4.6077499985694885,4.5649999904632566,4.929400000572205,351041.6666666667
2020-12-04,5.840000152587892,5.53000020980835,5.800000190734862,5.730000019073486,271800,5.730000019073486,5.700000127156574,86.15230214673002,5.0979999780654905,4.642999994754791,4.584599990844726,4.930399999618531,343598.3333333333
2020-12-07,5.929999828338622,5.559999942779541,5.670000076293945,5.849999904632568,299200,5.849999904632568,5.779999891916912,78.18570514156279,5.188499975204468,4.681749987602234,4.61399998664856,4.9315999984741214,344156.6666666667
2020-12-08,6.349999904632568,5.679999828338622,5.800000190734862,6.110000133514402,605700,6.110000133514402,6.046666622161863,145.36041859471217,5.2709999799728395,4.725499987602234,4.642599992752075,4.934099998474121,349848.3333333333
2020-12-09,6.639999866485598,6.019999980926514,6.199999809265138,6.03000020980835,780100,6.03000020980835,6.230000019073486,113.95422320931624,5.350499987602234,4.769249987602234,4.672799997329712,4.939099998474121,358463.3333333333
2020-12-10,6.96999979019165,5.889999866485598,6.0,6.789999961853027,783300,6.789999961853027,6.549999872843426,123.90126948796377,5.456499981880188,4.834749984741211,4.72,4.951199998855591,367255.0
2020-12-11,6.800000190734862,6.480000019073486,6.800000190734862,6.510000228881836,393600,6.510000228881836,6.5966668128967285,89.17839038552805,5.564499998092652,4.893249988555908,4.767800006866455,4.961400003433227,369260.0
2020-12-14,7.130000114440918,6.639999866485598,6.690000057220459,6.849999904632568,633700,6.849999904632568,6.8733332951863595,107.47662664437,5.682500004768372,4.9617499828338625,4.817200002670288,4.973800001144409,363811.6666666667
2020-12-15,7.25,6.870999813079834,6.920000076293945,7.099999904632568,381800,7.099999904632568,7.073666572570801,110.36740815723093,5.798499989509582,5.038499975204468,4.871800003051757,4.990900001525879,363901.6666666667
2020-12-16,7.710000038146973,7.019999980926514,7.130000114440918,7.679999828338622,613200,7.679999828338622,7.469999949137371,129.32022421249286,5.936999988555908,5.127499973773956,4.941599998474121,5.0121999979019165,370503.3333333333
2020-12-17,8.199999809265138,7.309999942779541,7.739999771118164,7.960000038146973,503500,7.960000038146973,7.823333263397218,114.05156109792746,6.086999988555908,5.221499979496002,5.018400001525879,5.036999998092651,373473.3333333333
2020-12-18,8.140000343322754,7.739999771118164,7.900000095367432,7.800000190734862,1127700,7.800000190734862,7.893333435058594,85.79100078562499,6.221499991416931,5.308499979972839,5.088000001907349,5.054800000190735,388541.6666666667
2020-12-21,7.699999809265138,7.1599998474121085,7.380000114440918,7.5900001525878915,479900,7.5900001525878915,7.483333269755047,-17.60336385764449,6.345000004768371,5.381249988079071,5.153800001144409,5.071500000953674,390236.6666666667
2020-12-22,7.630000114440918,6.7849998474121085,7.630000114440918,6.829999923706055,576900,6.829999923706055,7.081666628519693,-126.80373909778694,6.414499998092651,5.429749989509583,5.203199996948242,5.080999999046326,393770.0
2020-12-23,7.070000171661378,6.6500000953674325,6.880000114440918,6.75,512600,6.75,6.8233334223429365,-106.30853949628546,6.45550000667572,5.486749994754791,5.252599992752075,5.090499997138977,393618.3333333333
2020-12-24,6.760000228881836,6.489999771118164,6.75,6.590000152587892,166800,6.590000152587892,6.613333384195965,-92.5501723926522,6.484000015258789,5.549500000476837,5.300999994277954,5.1011999988555905,389716.6666666667
2020-12-28,6.869999885559082,6.5,6.639999866485598,6.849999904632568,477800,6.849999904632568,6.739999930063885,-51.95347248322954,6.542500019073486,5.624250000715255,5.354599990844727,5.118499999046326,392016.6666666667
2020-12-29,6.920000076293945,6.420000076293945,6.920000076293945,6.489999771118164,227600,6.489999771118164,6.609999974568684,-76.26592323333814,6.602500009536743,5.691749995946884,5.402199983596802,5.133699998855591,390986.6666666667
2020-12-30,7.21999979019165,6.5,6.5,6.78000020980835,1314100,6.78000020980835,6.833333333333332,81.10781019674306,6.680500030517578,5.76075000166893,5.4571999835968015,5.149700002670288,410585.0
2020-12-31,7.440000057220459,6.78000020980835,6.869999885559082,7.210000038146973,1204000,7.210000038146973,7.143333435058594,147.80921534835227,6.760500025749207,5.840000003576279,5.518999986648559,5.165700001716614,426858.3333333333
2021-01-04,7.3400001525878915,6.510000228881836,7.21999979019165,6.78000020980835,743900,6.78000020980835,6.8766668637593575,17.716601028078703,6.814000034332276,5.915500009059906,5.570599994659424,5.177400002479553,434303.3333333333
2021-01-05,7.039999961853027,6.610000133514402,6.840000152587892,6.840000152587892,481800,6.840000152587892,6.8300000826517735,-15.785594938938704,6.869500041007996,5.9837500095367435,5.6209999942779545,5.190600004196167,439458.3333333333
2021-01-06,7.1500000953674325,6.699999809265138,6.869999885559082,6.809999942779541,440100,6.809999942779541,6.886666615804035,-19.864423018801016,6.917500042915345,6.053000009059906,5.663599996566773,5.2054000043869015,443611.6666666667
2021-01-07,7.800000190734862,6.9000000953674325,6.9000000953674325,7.679999828338622,875700,7.679999828338622,7.460000038146973,133.62980850696582,6.996000027656555,6.133500003814698,5.719399995803833,5.226700000762939,453361.6666666667
2021-01-08,7.71999979019165,7.348000049591064,7.71999979019165,7.559999942779541,374200,7.559999942779541,7.54266659418742,92.34704671559078,7.072500014305115,6.2115000009536745,5.781199998855591,5.245799999237061,454946.6666666667
2021-01-11,8.159999847412111,7.3400001525878915,7.3400001525878915,8.140000343322754,283000,8.140000343322754,7.880000114440919,101.13632412326665,7.140000033378601,6.298250007629394,5.862400007247925,5.272500004768371,456861.6666666667
2021-01-12,9.25,8.25,8.319999694824219,9.119999885559082,920400,9.119999885559082,8.873333295186361,147.19192207233098,7.270500016212464,6.417500007152557,5.9676000070571895,5.312200002670288,467208.3333333333
2021-01-13,9.19499969482422,8.149999618530272,9.149999618530273,8.729999542236326,362400,8.729999542236326,8.691666285196941,72.4100657885118,7.3644999980926515,6.523500001430511,6.066399998664856,5.348599996566772,469813.3333333333
2021-01-14,9.579999923706056,8.8100004196167,8.8100004196167,9.520000457763672,654700,9.520000457763672,9.303333600362144,94.2976960708125,7.485500025749206,6.642000007629394,6.1764000082015995,5.393600001335144,477390.0
2021-01-15,9.710000038146973,9.239999771118164,9.30500030517578,9.529999732971193,394800,9.529999732971193,9.493333180745443,95.55552240066359,7.578000020980835,6.757500004768372,6.2862000036239625,5.438399996757507,480300.0
2021-01-19,9.989999771118164,9.34000015258789,9.739999771118164,9.640000343322754,514700,9.640000343322754,9.65666675567627,89.63196538927467,7.662000036239624,6.874500012397766,6.403800010681152,5.484299998283387,485766.6666666667
2021-01-20,9.760000228881836,8.970000267028809,9.739999771118164,9.529999732971193,426300,9.529999732971193,9.420000076293944,28.262040183022126,7.748500013351441,6.985000002384186,6.512200002670288,5.528399996757507,490835.0
2021-01-21,9.600000381469727,8.569999694824219,9.5,8.880000114440918,395300,8.880000114440918,9.016666730244957,-138.12442606959306,7.813000011444092,7.079000008106232,6.609000005722046,5.564099998474121,490373.3333333333
2021-01-22,9.0,8.609999656677246,8.630000114440918,8.979999542236328,218000,8.979999542236328,8.863333066304525,-101.58733762940494,7.920499992370606,7.167499995231628,6.699399995803833,5.600099992752075,488073.3333333333
2021-01-25,9.036999702453613,8.25,8.979999542236328,8.609999656677246,332300,8.609999656677246,8.632333119710287,-96.20059376840452,8.013499975204468,7.234499990940094,6.782799987792969,5.634499988555908,488233.3333333333
2021-01-26,8.789999961853027,8.289999961853027,8.640000343322754,8.359999656677246,338400,8.359999656677246,8.479999860127768,-99.85770926267513,8.101999950408935,7.292999982833862,6.8565999794006345,5.6667999839782714,486861.6666666667
2021-01-27,9.25,7.989999771118164,8.25,8.890000343322754,444500,8.890000343322754,8.710000038146973,-12.72407469481621,8.203999972343444,7.373249995708465,6.947399988174438,5.705899987220764,487838.3333333333
2021-01-28,9.1899995803833,8.069999694824219,8.949999809265137,8.510000228881836,516700,8.510000228881836,8.589999834696451,-41.26541543468819,8.30499999523163,7.453750002384186,7.027799997329712,5.741699991226196,491528.3333333333
2021-01-29,8.640000343322754,8.109999656677246,8.359999656677246,8.119999885559082,385500,8.119999885559082,8.289999961853027,-134.25526630430076,8.371999979019165,7.526250004768372,7.094599990844727,5.776299991607666,493196.6666666667
2021-02-01,8.920000076293945,8.060000419616701,8.180000305175781,8.789999961853027,470200,8.789999961853027,8.590000152587889,32.879909312321374,8.450999975204468,7.605750000476837,7.172199993133545,5.820599989891052,494985.0
2021-02-02,9.479999542236328,9.024999618530273,9.029999732971193,9.25,483100,9.25,9.2516663869222,159.96978825331803,8.57449996471405,7.694249999523163,7.257999992370605,5.868099989891053,493508.3333333333
2021-02-03,9.454999923706056,9.06999969482422,9.329999923706056,9.119999885559082,249900,9.119999885559082,9.214999834696453,79.90783236491968,8.68849995136261,7.778999996185303,7.338199987411499,5.912499990463257,487150.0
2021-02-04,9.449999809265137,8.829999923706055,9.119999885559082,9.260000228881836,423100,9.260000228881836,9.179999987284342,49.188179964224574,8.810999965667724,7.864250004291534,7.420999994277954,5.959199991226196,487790.0
2021-02-05,9.760000228881836,8.9399995803833,9.390000343322754,9.140000343322754,395100,9.140000343322754,9.28000005086263,57.359363120356115,8.883999991416932,7.940000009536743,7.495,6.002499995231628,485398.3333333333
2021-02-08,10.0,9.260000228881836,9.260000228881836,10.0,537700,10.0,9.75333340962728,166.66666666667342,9.005999994277953,8.039250004291535,7.5764000034332275,6.051399993896484,489811.6666666667
2021-02-09,10.149999618530273,9.15999984741211,9.920000076293944,9.869999885559082,703300,9.869999885559082,9.726666450500488,79.73746486605391,9.09249997138977,8.116250002384186,7.6534000015258785,6.096199994087219,497070.0
2021-02-10,10.59000015258789,9.539999961853027,10.140000343322754,9.649999618530273,604200,9.649999618530273,9.926666577657064,85.76051974703778,9.11899995803833,8.194749987125396,7.732799997329712,6.14029999256134,502903.3333333333
2021-02-11,10.600000381469727,9.5600004196167,9.710000038146973,10.600000381469727,739100,10.600000381469727,10.253333727518717,128.4032880208417,9.2125,8.288499999046326,7.8390000057220455,6.188799996376037,512758.3333333333
2021-02-12,10.670000076293944,10.220000267028807,10.5600004196167,10.489999771118164,427300,10.489999771118164,10.46000003814697,109.21837862583595,9.260999965667725,8.373249995708466,7.944400005340576,6.240999994277954,510045.0
2021-02-16,11.098999977111816,10.550000190734863,10.739999771118164,11.06999969482422,688500,11.06999969482422,10.906333287556969,126.72732788237715,9.337999963760376,8.457999992370606,8.053599996566772,6.299599990844727,515025.0
2021-02-17,11.539999961853027,10.979999542236328,11.170000076293944,11.359999656677244,596300,11.359999656677244,11.293333053588867,113.6491733286056,9.423999929428101,8.542999982833862,8.166599988937378,6.365799989700317,517890.0
2021-02-18,11.4399995803833,10.6899995803833,11.300000190734865,10.760000228881836,404500,10.760000228881836,10.963333129882812,37.4395979346952,9.485499954223632,8.616999983787537,8.267199993133545,6.4258999919891355,520310.0
2021-02-19,11.119999885559082,10.350000381469727,10.890000343322754,10.550000190734863,280400,10.550000190734863,10.673333485921225,-52.95432236447393,9.56899995803833,8.690999984741211,8.361199998855591,6.4875999927520756,522121.6666666667
2021-02-22,11.489999771118164,10.1850004196167,10.34000015258789,11.270000457763672,567200,11.270000457763672,10.981666882832847,8.657712694028408,9.683500003814697,8.80199999809265,8.464400005340575,6.553499999046326,523208.3333333333
2021-02-23,11.31999969482422,10.239999771118164,11.020000457763672,11.31999969482422,480600,11.31999969482422,10.959999720255531,-7.320495458497042,9.819000005722046,8.916249990463257,8.570199995040893,6.621499996185303,519846.6666666667
2021-02-24,12.260000228881836,11.399999618530273,11.420000076293945,12.18000030517578,532400,12.18000030517578,11.946666717529295,166.66666666666984,10.010000038146973,9.055999994277954,8.678000001907348,6.699000000953674,521470.0
2021-02-25,12.5,10.970000267028807,12.25,11.010000228881836,599800,11.010000228881836,11.49333349863688,46.223544778171686,10.116000032424926,9.160000002384185,8.768000001907348,6.7679000043869015,524628.3333333334
2021-02-26,11.246999740600586,10.210000038146973,10.890000343322754,10.8100004196167,473800,10.8100004196167,10.755666732788086,-79.82537831410305,10.23100004196167,9.268000018596648,8.847200012207031,6.83220000743866,521686.6666666667
2021-03-01,11.553999900817873,10.90999984741211,11.18000030517578,10.989999771118164,286400,10.989999771118164,11.151333173116047,-20.00050186072902,10.374500036239624,9.373250007629395,8.925000009536744,6.89840000629425,518541.6666666667
2021-03-02,11.68000030517578,10.5600004196167,10.920000076293944,11.31999969482422,385500,11.31999969482422,11.186666806538902,-24.210873326737318,10.501000022888183,9.475999999046326,8.997800006866456,6.969700002670288,518988.3333333333
2021-03-03,11.75,11.0,11.3100004196167,11.029999732971193,347800,11.029999732971193,11.259999910990395,34.96983811493546,10.590000009536743,9.582249987125397,9.059200000762939,7.038800001144409,518870.0
2021-03-04,11.18000030517578,10.25,11.010000228881836,10.710000038146973,327700,10.710000038146973,10.713333447774252,-89.65777706400243,10.669500017166138,9.678999984264374,9.117399997711182,7.102699999809265,519801.6666666667
2021-03-05,11.239999771118164,10.0600004196167,11.0,11.229999542236328,379500,11.229999542236328,10.84333324432373,-61.88971170959378,10.767999982833862,9.789499974250793,9.190199985504151,7.17199999332428,521140.0
2021-03-08,11.449999809265135,10.220000267028807,11.229999542236328,10.600000381469727,538100,10.600000381469727,10.756666819254555,-59.99178168557415,10.840999984741211,9.86249998807907,9.265599994659423,7.234399995803833,520013.3333333333
2021-03-09,10.880000114440918,10.289999961853027,10.720000267028807,10.5600004196167,241900,10.5600004196167,10.576666831970217,-95.23811231068191,10.869000005722047,9.9375,9.341800003051757,7.297199997901917,511043.3333333333
2021-03-10,11.390000343322756,10.529999732971193,10.5600004196167,11.239999771118164,345300,11.239999771118164,11.053333282470703,138.13505751417972,10.9375,10.014999985694885,9.434799995422363,7.367899994850159,503743.3333333333
2021-03-11,11.380000114440918,10.949999809265137,11.329999923706055,11.34000015258789,307500,11.34000015258789,11.223333358764648,111.93362151503806,11.02200002670288,10.070499992370605,9.52460000038147,7.439599995613098,502308.3333333333
2021-03-12,11.482999801635742,11.010000228881836,11.329999923706055,11.270000457763672,248500,11.270000457763672,11.25433349609375,76.60211212711472,11.055500030517578,10.134000015258788,9.62020001411438,7.511199998855591,495888.3333333333
2021-03-15,11.020000457763672,10.359999656677246,10.989999771118164,10.550000190734863,318000,10.550000190734863,10.643333435058594,-75.16820823480681,11.058500051498413,10.15975000858307,9.69560001373291,7.576399998664856,494825.0
2021-03-16,10.508999824523926,10.16100025177002,10.5,10.369999885559082,247300,10.369999885559082,10.34666665395101,-113.54133884759227,11.023500061035156,10.180750012397766,9.758800010681153,7.638899998664856,488726.6666666667
2021-03-17,10.9399995803833,10.1899995803833,10.1899995803833,10.880000114440918,279200,10.880000114440918,10.669999758402506,-31.917811155467984,10.99950008392334,10.21175000667572,9.840800008773805,7.705700001716614,484988.3333333333
2021-03-18,10.970000267028807,10.449999809265137,10.6899995803833,10.649999618530273,315000,10.649999618530273,10.68999989827474,-9.64344526508365,10.994000053405761,10.239750003814697,9.91699999809265,7.768999996185303,471443.3333333333
2021-03-19,10.880000114440918,9.760000228881836,10.720000267028807,10.020000457763672,1036300,10.020000457763672,10.220000267028807,-106.21383466126127,10.967500066757202,10.268250012397766,9.981200008392333,7.8224000024795535,480716.6666666667
2021-03-22,10.229999542236328,9.899999618530273,9.949999809265137,10.09000015258789,548400,10.09000015258789,10.073333104451498,-97.22230894858706,10.908500051498413,10.296000027656556,10.02940001487732,7.8744000053405765,480241.6666666667
2021-03-23,10.100000381469727,9.40999984741211,9.850000381469727,9.5,428400,9.5,9.670000076293944,-119.3151534583092,10.817500066757201,10.318250036239624,10.068200016021729,7.92470000743866,478838.3333333333
2021-03-24,10.079999923706056,9.239999771118164,9.739999771118164,9.270000457763672,323700,9.270000457763672,9.53000005086263,-96.69211594195913,10.672000074386597,10.341000056266784,10.090800018310548,7.976600012779236,481453.3333333333
2021-03-25,9.5,8.770000457763674,9.039999961853027,9.279999732971193,394900,9.279999732971193,9.18333339691162,-111.83144611684128,10.585500049591065,10.350750041007995,10.09400001525879,8.03080001115799,480071.6666666667
2021-03-26,9.93000030517578,9.15999984741211,9.5,9.93000030517578,242400,9.93000030517578,9.673333485921225,14.645256518165775,10.541500043869018,10.386250042915345,10.118000030517578,8.092200014591217,480318.3333333333
2021-03-29,10.039999961853027,9.3100004196167,9.800000190734863,9.3100004196167,251300,9.3100004196167,9.553333600362144,15.420016181178124,10.457500076293945,10.416000056266785,10.113800029754639,8.14510001897812,462605.0
2021-03-30,9.489999771118164,9.06999969482422,9.300000190734863,9.329999923706056,238800,9.329999923706056,9.296666463216146,-60.55741051731944,10.358000087738038,10.42950005531311,10.109800033569336,8.19800001859665,446518.3333333333
2021-03-31,9.869999885559082,9.279999732971193,9.350000381469727,9.720000267028807,273200,9.720000267028807,9.62333329518636,58.01370373949798,10.292500114440918,10.44125006198883,10.111400032043457,8.257600021362304,438673.3333333333
2021-04-01,9.869999885559082,9.279999732971193,9.779999732971193,9.550000190734863,184000,9.550000190734863,9.56666660308838,16.260089059495506,10.234500122070312,10.452000069618226,10.11180004119873,8.312000021934509,433710.0
2021-04-05,9.84000015258789,9.46500015258789,9.649999618530273,9.630000114440918,165100,9.630000114440918,9.645000139872232,74.89599095620264,10.154500150680542,10.461250066757202,10.126800041198731,8.367900023460388,429126.6666666667
2021-04-06,9.890000343322754,9.40999984741211,9.609999656677246,9.449999809265137,205900,9.449999809265137,9.583333333333334,27.289132946761857,10.097000122070312,10.469000053405761,10.136200046539306,8.41780002117157,417963.3333333333
2021-04-07,9.649999618530273,9.18000030517578,9.4399995803833,9.579999923706056,449200,9.579999923706056,9.46999994913737,-151.2171569780244,10.04800009727478,10.458500051498413,10.155600051879883,8.469200019836427,419213.3333333333
2021-04-08,9.640000343322754,9.229999542236328,9.56999969482422,9.359999656677246,234600,9.359999656677246,9.40999984741211,-109.64914628927248,9.954000091552734,10.445750045776368,10.175600051879883,8.516100015640259,418406.6666666667
2021-04-09,9.449999809265137,9.0600004196167,9.359999656677246,9.170000076293944,226000,9.170000076293944,9.226666768391928,-134.71591131827992,9.845500087738037,10.43375005722046,10.181200046539306,8.564300017356873,406833.3333333333
2021-04-12,9.460000038146973,9.100000381469727,9.210000038146973,9.1899995803833,209100,9.1899995803833,9.25,-76.83744171042841,9.741500043869019,10.398500037193298,10.194800033569337,8.611300015449524,404278.3333333333
2021-04-13,9.390000343322754,9.119999885559082,9.229999542236328,9.25,381800,9.25,9.25333340962728,-48.49339090584591,9.676500034332275,10.367500042915344,10.217400035858155,8.65600001335144,399730.0
2021-04-14,10.0600004196167,9.289999961853027,9.289999961853027,9.989999771118164,313700,9.989999771118164,9.78000005086263,156.39816733770868,9.65750002861023,10.340500044822694,10.241400032043456,8.7068000125885,398378.3333333333
2021-04-15,10.170000076293944,9.6899995803833,10.119999885559082,10.0,170200,10.0,9.953333218892416,102.64407234519128,9.613500022888184,10.306500053405761,10.256400032043457,8.757200012207031,392636.6666666667
2021-04-16,10.119999885559082,9.4399995803833,10.119999885559082,9.510000228881836,151700,9.510000228881836,9.68999989827474,26.14050956386837,9.556500053405761,10.275250053405761,10.264200038909912,8.801200013160706,388060.0
2021-04-19,9.550000190734863,9.18000030517578,9.449999809265137,9.399999618530273,205900,9.399999618530273,9.37666670481364,-65.9526507940929,9.525500011444091,10.246500039100647,10.267000026702881,8.844000010490417,384903.3333333333
2021-04-20,9.229999542236328,8.970000267028809,9.369999885559082,8.989999771118164,41896,8.989999771118164,9.0633331934611,-120.35288834420368,9.470499992370605,10.18950002193451,10.26400001525879,8.879500007629394,381968.26666666666
